date,datetime,event_type,event_name,sponsorship,address,event_id,event_url,rank,player_id,player_name,deck_id,card_id,card_name,count
2023-04-23,2023-04-23 10:30:00,シティリーグ,シティリーグ2023 シーズン4 オープンリーグ,トーナメントセンターバトロコ川越駅前,埼玉県,109039,/event/detail/109039/result,1,0036241668,R,8x8cD8-9Yuuk1-D8D4ax,42388,アルセウスVSTAR,3
2023-04-23,2023-04-23 10:30:00,シティリーグ,シティリーグ2023 シーズン4 オープンリーグ,トーナメントセンターバトロコ川越駅前,埼玉県,109039,/event/detail/109039/result,1,0036241668,R,8x8cD8-9Yuuk1-D8D4ax,41181,アルセウスV,4
2023-04-23,2023-04-23 10:30:00,シティリーグ,シティリーグ2023 シーズン4 オープンリーグ,トーナメントセンターバトロコ川越駅前,埼玉県,109039,/event/detail/109039/result,1,0036241668,R,8x8cD8-9Yuuk1-D8D4ax,41081,ジュラルドンVMAX,3
2023-04-23,2023-04-23 10:30:00,シティリーグ,シティリーグ2023 シーズン4 オープンリーグ,トーナメントセンターバトロコ川越駅前,埼玉県,109039,/event/detail/109039/result,1,0036241668,R,8x8cD8-9Yuuk1-D8D4ax,39933,ジュラルドンV,2
2023-04-23,2023-04-23 10:30:00,シティリーグ,シティリーグ2023 シーズン4 オープンリーグ,トーナメントセンターバトロコ川越駅前,埼玉県,109039,/event/detail/109039/result,1,0036241668,R,8x8cD8-9Yuuk1-D8D4ax,42616,ネストボール,3
2023-04-23,2023-04-23 10:30:00,シティリーグ,シティリーグ2023 シーズン4 オープンリーグ,トーナメントセンターバトロコ川越駅前,埼玉県,109039,/event/detail/109039/result,1,0036241668,R,8x8cD8-9Yuuk1-D8D4ax,42399,ハイパーボール,4
2023-04-23,2023-04-23 10:30:00,シティリーグ,シティリーグ2023 シーズン4 オープンリーグ,トーナメントセンターバトロコ川越駅前,埼玉県,109039,/event/detail/109039/result,1,0036241668,R,8x8cD8-9Yuuk1-D8D4ax,42398,トレッキングシューズ,4
2023-04-23,2023-04-23 10:30:00,シティリーグ,シティリーグ2023 シーズン4 オープンリーグ,トーナメントセンターバトロコ川越駅前,埼玉県,109039,/event/detail/109039/result,1,0036241668,R,8x8cD8-9Yuuk1-D8D4ax,39548,ポケギア3.0,2
2023-04-23,2023-04-23 10:30:00,シティリーグ,シティリーグ2023 シーズン4 オープンリーグ,トーナメントセンターバトロコ川越駅前,埼玉県,109039,/event/detail/109039/result,1,0036241668,R,8x8cD8-9Yuuk1-D8D4ax,25119,ポケモンいれかえ,1
2023-04-23,2023-04-23 10:30:00,シティリーグ,シティリーグ2023 シーズン4 オープンリーグ,トーナメントセンターバトロコ川越駅前,埼玉県,109039,/event/detail/109039/result,1,0036241668,R,8x8cD8-9Yuuk1-D8D4ax,39725,あなぬけのヒモ,1
2023-04-23,2023-04-23 10:30:00,シティリーグ,シティリーグ2023 シーズン4 オープンリーグ,トーナメントセンターバトロコ川越駅前,埼玉県,109039,/event/detail/109039/result,1,0036241668,R,8x8cD8-9Yuuk1-D8D4ax,43273,すごいつりざお,1
2023-04-23,2023-04-23 10:30:00,シティリーグ,シティリーグ2023 シーズン4 オープンリーグ,トーナメントセンターバトロコ川越駅前,埼玉県,109039,/event/detail/109039/result,1,0036241668,R,8x8cD8-9Yuuk1-D8D4ax,41916,こだわりベルト,1
2023-04-23,2023-04-23 10:30:00,シティリーグ,シティリーグ2023 シーズン4 オープンリーグ,トーナメントセンターバトロコ川越駅前,埼玉県,109039,/event/detail/109039/result,1,0036241668,R,8x8cD8-9Yuuk1-D8D4ax,39194,ツールジャマー,1
2023-04-23,2023-04-23 10:30:00,シティリーグ,シティリーグ2023 シーズン4 オープンリーグ,トーナメントセンターバトロコ川越駅前,埼玉県,109039,/event/detail/109039/result,1,0036241668,R,8x8cD8-9Yuuk1-D8D4ax,43059,博士の研究（オーリム博士）,4
2023-04-23,2023-04-23 10:30:00,シティリーグ,シティリーグ2023 シーズン4 オープンリーグ,トーナメントセンターバトロコ川越駅前,埼玉県,109039,/event/detail/109039/result,1,0036241668,R,8x8cD8-9Yuuk1-D8D4ax,41090,ジャッジマン,1
2023-04-23,2023-04-23 10:30:00,シティリーグ,シティリーグ2023 シーズン4 オープンリーグ,トーナメントセンターバトロコ川越駅前,埼玉県,109039,/event/detail/109039/result,1,0036241668,R,8x8cD8-9Yuuk1-D8D4ax,39356,カリンの信念,2
2023-04-23,2023-04-23 10:30:00,シティリーグ,シティリーグ2023 シーズン4 オープンリーグ,トーナメントセンターバトロコ川越駅前,埼玉県,109039,/event/detail/109039/result,1,0036241668,R,8x8cD8-9Yuuk1-D8D4ax,41357,チェレンの気くばり,1
2023-04-23,2023-04-23 10:30:00,シティリーグ,シティリーグ2023 シーズン4 オープンリーグ,トーナメントセンターバトロコ川越駅前,埼玉県,109039,/event/detail/109039/result,1,0036241668,R,8x8cD8-9Yuuk1-D8D4ax,39934,キバナ,1
2023-04-23,2023-04-23 10:30:00,シティリーグ,シティリーグ2023 シーズン4 オープンリーグ,トーナメントセンターバトロコ川越駅前,埼玉県,109039,/event/detail/109039/result,1,0036241668,R,8x8cD8-9Yuuk1-D8D4ax,42900,ボスの指令（アカギ）,3
2023-04-23,2023-04-23 10:30:00,シティリーグ,シティリーグ2023 シーズン4 オープンリーグ,トーナメントセンターバトロコ川越駅前,埼玉県,109039,/event/detail/109039/result,1,0036241668,R,8x8cD8-9Yuuk1-D8D4ax,43305,ボスの指令（ゲーチス）,1
2023-04-23,2023-04-23 10:30:00,シティリーグ,シティリーグ2023 シーズン4 オープンリーグ,トーナメントセンターバトロコ川越駅前,埼玉県,109039,/event/detail/109039/result,1,0036241668,R,8x8cD8-9Yuuk1-D8D4ax,39555,あくの塔,3
2023-04-23,2023-04-23 10:30:00,シティリーグ,シティリーグ2023 シーズン4 オープンリーグ,トーナメントセンターバトロコ川越駅前,埼玉県,109039,/event/detail/109039/result,1,0036241668,R,8x8cD8-9Yuuk1-D8D4ax,42515,頂への雪道,1
2023-04-23,2023-04-23 10:30:00,シティリーグ,シティリーグ2023 シーズン4 オープンリーグ,トーナメントセンターバトロコ川越駅前,埼玉県,109039,/event/detail/109039/result,1,0036241668,R,8x8cD8-9Yuuk1-D8D4ax,42074,ダブルターボエネルギー,4
2023-04-23,2023-04-23 10:30:00,シティリーグ,シティリーグ2023 シーズン4 オープンリーグ,トーナメントセンターバトロコ川越駅前,埼玉県,109039,/event/detail/109039/result,1,0036241668,R,8x8cD8-9Yuuk1-D8D4ax,25302,基本闘エネルギー,3
2023-04-23,2023-04-23 10:30:00,シティリーグ,シティリーグ2023 シーズン4 オープンリーグ,トーナメントセンターバトロコ川越駅前,埼玉県,109039,/event/detail/109039/result,1,0036241668,R,8x8cD8-9Yuuk1-D8D4ax,25304,基本鋼エネルギー,6
2023-04-23,2023-04-23 10:30:00,シティリーグ,シティリーグ2023 シーズン4 オープンリーグ,トーナメントセンターバトロコ川越駅前,埼玉県,109039,/event/detail/109039/result,2,0031933470,にしむ,M2RyX2-DY8w10-pXyppp,42171,ルギアV,4
2023-04-23,2023-04-23 10:30:00,シティリーグ,シティリーグ2023 シーズン4 オープンリーグ,トーナメントセンターバトロコ川越駅前,埼玉県,109039,/event/detail/109039/result,2,0031933470,にしむ,M2RyX2-DY8w10-pXyppp,42172,ルギアVSTAR,3
2023-04-23,2023-04-23 10:30:00,シティリーグ,シティリーグ2023 シーズン4 オープンリーグ,トーナメントセンターバトロコ川越駅前,埼玉県,109039,/event/detail/109039/result,2,0031933470,にしむ,M2RyX2-DY8w10-pXyppp,42175,アーケオス,4
2023-04-23,2023-04-23 10:30:00,シティリーグ,シティリーグ2023 シーズン4 オープンリーグ,トーナメントセンターバトロコ川越駅前,埼玉県,109039,/event/detail/109039/result,2,0031933470,にしむ,M2RyX2-DY8w10-pXyppp,40739,バンギラスV,2
2023-04-23,2023-04-23 10:30:00,シティリーグ,シティリーグ2023 シーズン4 オープンリーグ,トーナメントセンターバトロコ川越駅前,埼玉県,109039,/event/detail/109039/result,2,0031933470,にしむ,M2RyX2-DY8w10-pXyppp,40758,イベルタル,1
2023-04-23,2023-04-23 10:30:00,シティリーグ,シティリーグ2023 シーズン4 オープンリーグ,トーナメントセンターバトロコ川越駅前,埼玉県,109039,/event/detail/109039/result,2,0031933470,にしむ,M2RyX2-DY8w10-pXyppp,40723,イシヘンジン,1
2023-04-23,2023-04-23 10:30:00,シティリーグ,シティリーグ2023 シーズン4 オープンリーグ,トーナメントセンターバトロコ川越駅前,埼玉県,109039,/event/detail/109039/result,2,0031933470,にしむ,M2RyX2-DY8w10-pXyppp,42866,ネオラントV,2
2023-04-23,2023-04-23 10:30:00,シティリーグ,シティリーグ2023 シーズン4 オープンリーグ,トーナメントセンターバトロコ川越駅前,埼玉県,109039,/event/detail/109039/result,2,0031933470,にしむ,M2RyX2-DY8w10-pXyppp,41970,かがやくアマージョ,1
2023-04-23,2023-04-23 10:30:00,シティリーグ,シティリーグ2023 シーズン4 オープンリーグ,トーナメントセンターバトロコ川越駅前,埼玉県,109039,/event/detail/109039/result,2,0031933470,にしむ,M2RyX2-DY8w10-pXyppp,43106,ハイパーボール,4
2023-04-23,2023-04-23 10:30:00,シティリーグ,シティリーグ2023 シーズン4 オープンリーグ,トーナメントセンターバトロコ川越駅前,埼玉県,109039,/event/detail/109039/result,2,0031933470,にしむ,M2RyX2-DY8w10-pXyppp,43105,ネストボール,2
2023-04-23,2023-04-23 10:30:00,シティリーグ,シティリーグ2023 シーズン4 オープンリーグ,トーナメントセンターバトロコ川越駅前,埼玉県,109039,/event/detail/109039/result,2,0031933470,にしむ,M2RyX2-DY8w10-pXyppp,42067,キャプチャーアロマ,4
2023-04-23,2023-04-23 10:30:00,シティリーグ,シティリーグ2023 シーズン4 オープンリーグ,トーナメントセンターバトロコ川越駅前,埼玉県,109039,/event/detail/109039/result,2,0031933470,にしむ,M2RyX2-DY8w10-pXyppp,40837,活力の壺,2
2023-04-23,2023-04-23 10:30:00,シティリーグ,シティリーグ2023 シーズン4 オープンリーグ,トーナメントセンターバトロコ川越駅前,埼玉県,109039,/event/detail/109039/result,2,0031933470,にしむ,M2RyX2-DY8w10-pXyppp,42405,ロストスイーパー,1
2023-04-23,2023-04-23 10:30:00,シティリーグ,シティリーグ2023 シーズン4 オープンリーグ,トーナメントセンターバトロコ川越駅前,埼玉県,109039,/event/detail/109039/result,2,0031933470,にしむ,M2RyX2-DY8w10-pXyppp,43059,博士の研究（オーリム博士）,2
2023-04-23,2023-04-23 10:30:00,シティリーグ,シティリーグ2023 シーズン4 オープンリーグ,トーナメントセンターバトロコ川越駅前,埼玉県,109039,/event/detail/109039/result,2,0031933470,にしむ,M2RyX2-DY8w10-pXyppp,39948,ヒガナの決意,1
2023-04-23,2023-04-23 10:30:00,シティリーグ,シティリーグ2023 シーズン4 オープンリーグ,トーナメントセンターバトロコ川越駅前,埼玉県,109039,/event/detail/109039/result,2,0031933470,にしむ,M2RyX2-DY8w10-pXyppp,42900,ボスの指令（アカギ）,3
2023-04-23,2023-04-23 10:30:00,シティリーグ,シティリーグ2023 シーズン4 オープンリーグ,トーナメントセンターバトロコ川越駅前,埼玉県,109039,/event/detail/109039/result,2,0031933470,にしむ,M2RyX2-DY8w10-pXyppp,43205,ナンジャモ,2
2023-04-23,2023-04-23 10:30:00,シティリーグ,シティリーグ2023 シーズン4 オープンリーグ,トーナメントセンターバトロコ川越駅前,埼玉県,109039,/event/detail/109039/result,2,0031933470,にしむ,M2RyX2-DY8w10-pXyppp,41093,バーネット博士,2
2023-04-23,2023-04-23 10:30:00,シティリーグ,シティリーグ2023 シーズン4 オープンリーグ,トーナメントセンターバトロコ川越駅前,埼玉県,109039,/event/detail/109039/result,2,0031933470,にしむ,M2RyX2-DY8w10-pXyppp,42702,テーブルシティ,3
2023-04-23,2023-04-23 10:30:00,シティリーグ,シティリーグ2023 シーズン4 オープンリーグ,トーナメントセンターバトロコ川越駅前,埼玉県,109039,/event/detail/109039/result,2,0031933470,にしむ,M2RyX2-DY8w10-pXyppp,42428,崩れたスタジアム,1
2023-04-23,2023-04-23 10:30:00,シティリーグ,シティリーグ2023 シーズン4 オープンリーグ,トーナメントセンターバトロコ川越駅前,埼玉県,109039,/event/detail/109039/result,2,0031933470,にしむ,M2RyX2-DY8w10-pXyppp,40879,いちげきエネルギー,4
2023-04-23,2023-04-23 10:30:00,シティリーグ,シティリーグ2023 シーズン4 オープンリーグ,トーナメントセンターバトロコ川越駅前,埼玉県,109039,/event/detail/109039/result,2,0031933470,にしむ,M2RyX2-DY8w10-pXyppp,39431,インパクトエネルギー,1
2023-04-23,2023-04-23 10:30:00,シティリーグ,シティリーグ2023 シーズン4 オープンリーグ,トーナメントセンターバトロコ川越駅前,埼玉県,109039,/event/detail/109039/result,2,0031933470,にしむ,M2RyX2-DY8w10-pXyppp,42814,ダブルターボエネルギー,2
2023-04-23,2023-04-23 10:30:00,シティリーグ,シティリーグ2023 シーズン4 オープンリーグ,トーナメントセンターバトロコ川越駅前,埼玉県,109039,/event/detail/109039/result,2,0031933470,にしむ,M2RyX2-DY8w10-pXyppp,43037,ジェットエネルギー,2
2023-04-23,2023-04-23 10:30:00,シティリーグ,シティリーグ2023 シーズン4 オープンリーグ,トーナメントセンターバトロコ川越駅前,埼玉県,109039,/event/detail/109039/result,2,0031933470,にしむ,M2RyX2-DY8w10-pXyppp,41904,ギフトエネルギー,2
2023-04-23,2023-04-23 10:30:00,シティリーグ,シティリーグ2023 シーズン4 オープンリーグ,トーナメントセンターバトロコ川越駅前,埼玉県,109039,/event/detail/109039/result,2,0031933470,にしむ,M2RyX2-DY8w10-pXyppp,42029,Vガードエネルギー,2
2023-04-23,2023-04-23 10:30:00,シティリーグ,シティリーグ2023 シーズン4 オープンリーグ,トーナメントセンターバトロコ川越駅前,埼玉県,109039,/event/detail/109039/result,2,0031933470,にしむ,M2RyX2-DY8w10-pXyppp,40880,ラッキーエネルギー,2
2023-04-23,2023-04-23 10:30:00,シティリーグ,シティリーグ2023 シーズン4 オープンリーグ,トーナメントセンターバトロコ川越駅前,埼玉県,109039,/event/detail/109039/result,3,0000028909,はるきパパ,2MXRyU-aWyJpK-pypyXp,42171,ルギアV,4
2023-04-23,2023-04-23 10:30:00,シティリーグ,シティリーグ2023 シーズン4 オープンリーグ,トーナメントセンターバトロコ川越駅前,埼玉県,109039,/event/detail/109039/result,3,0000028909,はるきパパ,2MXRyU-aWyJpK-pypyXp,42172,ルギアVSTAR,4
2023-04-23,2023-04-23 10:30:00,シティリーグ,シティリーグ2023 シーズン4 オープンリーグ,トーナメントセンターバトロコ川越駅前,埼玉県,109039,/event/detail/109039/result,3,0000028909,はるきパパ,2MXRyU-aWyJpK-pypyXp,42175,アーケオス,4
2023-04-23,2023-04-23 10:30:00,シティリーグ,シティリーグ2023 シーズン4 オープンリーグ,トーナメントセンターバトロコ川越駅前,埼玉県,109039,/event/detail/109039/result,3,0000028909,はるきパパ,2MXRyU-aWyJpK-pypyXp,41577,カビゴン,2
2023-04-23,2023-04-23 10:30:00,シティリーグ,シティリーグ2023 シーズン4 オープンリーグ,トーナメントセンターバトロコ川越駅前,埼玉県,109039,/event/detail/109039/result,3,0000028909,はるきパパ,2MXRyU-aWyJpK-pypyXp,42392,アヤシシV,1
2023-04-23,2023-04-23 10:30:00,シティリーグ,シティリーグ2023 シーズン4 オープンリーグ,トーナメントセンターバトロコ川越駅前,埼玉県,109039,/event/detail/109039/result,3,0000028909,はるきパパ,2MXRyU-aWyJpK-pypyXp,41905,ネオラントV,2
2023-04-23,2023-04-23 10:30:00,シティリーグ,シティリーグ2023 シーズン4 オープンリーグ,トーナメントセンターバトロコ川越駅前,埼玉県,109039,/event/detail/109039/result,3,0000028909,はるきパパ,2MXRyU-aWyJpK-pypyXp,42346,ドラピオンV,1
2023-04-23,2023-04-23 10:30:00,シティリーグ,シティリーグ2023 シーズン4 オープンリーグ,トーナメントセンターバトロコ川越駅前,埼玉県,109039,/event/detail/109039/result,3,0000028909,はるきパパ,2MXRyU-aWyJpK-pypyXp,41970,かがやくアマージョ,1
2023-04-23,2023-04-23 10:30:00,シティリーグ,シティリーグ2023 シーズン4 オープンリーグ,トーナメントセンターバトロコ川越駅前,埼玉県,109039,/event/detail/109039/result,3,0000028909,はるきパパ,2MXRyU-aWyJpK-pypyXp,43157,レントラー,1
2023-04-23,2023-04-23 10:30:00,シティリーグ,シティリーグ2023 シーズン4 オープンリーグ,トーナメントセンターバトロコ川越駅前,埼玉県,109039,/event/detail/109039/result,3,0000028909,はるきパパ,2MXRyU-aWyJpK-pypyXp,33274,ハイパーボール,4
2023-04-23,2023-04-23 10:30:00,シティリーグ,シティリーグ2023 シーズン4 オープンリーグ,トーナメントセンターバトロコ川越駅前,埼玉県,109039,/event/detail/109039/result,3,0000028909,はるきパパ,2MXRyU-aWyJpK-pypyXp,42067,キャプチャーアロマ,4
2023-04-23,2023-04-23 10:30:00,シティリーグ,シティリーグ2023 シーズン4 オープンリーグ,トーナメントセンターバトロコ川越駅前,埼玉県,109039,/event/detail/109039/result,3,0000028909,はるきパパ,2MXRyU-aWyJpK-pypyXp,36611,ネストボール,2
2023-04-23,2023-04-23 10:30:00,シティリーグ,シティリーグ2023 シーズン4 オープンリーグ,トーナメントセンターバトロコ川越駅前,埼玉県,109039,/event/detail/109039/result,3,0000028909,はるきパパ,2MXRyU-aWyJpK-pypyXp,39194,ツールジャマー,1
2023-04-23,2023-04-23 10:30:00,シティリーグ,シティリーグ2023 シーズン4 オープンリーグ,トーナメントセンターバトロコ川越駅前,埼玉県,109039,/event/detail/109039/result,3,0000028909,はるきパパ,2MXRyU-aWyJpK-pypyXp,40137,博士の研究（マグノリア博士）,2
2023-04-23,2023-04-23 10:30:00,シティリーグ,シティリーグ2023 シーズン4 オープンリーグ,トーナメントセンターバトロコ川越駅前,埼玉県,109039,/event/detail/109039/result,3,0000028909,はるきパパ,2MXRyU-aWyJpK-pypyXp,40872,ヒガナの決意,1
2023-04-23,2023-04-23 10:30:00,シティリーグ,シティリーグ2023 シーズン4 オープンリーグ,トーナメントセンターバトロコ川越駅前,埼玉県,109039,/event/detail/109039/result,3,0000028909,はるきパパ,2MXRyU-aWyJpK-pypyXp,42071,セレナ,1
2023-04-23,2023-04-23 10:30:00,シティリーグ,シティリーグ2023 シーズン4 オープンリーグ,トーナメントセンターバトロコ川越駅前,埼玉県,109039,/event/detail/109039/result,3,0000028909,はるきパパ,2MXRyU-aWyJpK-pypyXp,42422,ボスの指令（アカギ）,3
2023-04-23,2023-04-23 10:30:00,シティリーグ,シティリーグ2023 シーズン4 オープンリーグ,トーナメントセンターバトロコ川越駅前,埼玉県,109039,/event/detail/109039/result,3,0000028909,はるきパパ,2MXRyU-aWyJpK-pypyXp,39924,バーネット博士,1
2023-04-23,2023-04-23 10:30:00,シティリーグ,シティリーグ2023 シーズン4 オープンリーグ,トーナメントセンターバトロコ川越駅前,埼玉県,109039,/event/detail/109039/result,3,0000028909,はるきパパ,2MXRyU-aWyJpK-pypyXp,42807,ツツジ,1
2023-04-23,2023-04-23 10:30:00,シティリーグ,シティリーグ2023 シーズン4 オープンリーグ,トーナメントセンターバトロコ川越駅前,埼玉県,109039,/event/detail/109039/result,3,0000028909,はるきパパ,2MXRyU-aWyJpK-pypyXp,43205,ナンジャモ,1
2023-04-23,2023-04-23 10:30:00,シティリーグ,シティリーグ2023 シーズン4 オープンリーグ,トーナメントセンターバトロコ川越駅前,埼玉県,109039,/event/detail/109039/result,3,0000028909,はるきパパ,2MXRyU-aWyJpK-pypyXp,42702,テーブルシティ,2
2023-04-23,2023-04-23 10:30:00,シティリーグ,シティリーグ2023 シーズン4 オープンリーグ,トーナメントセンターバトロコ川越駅前,埼玉県,109039,/event/detail/109039/result,3,0000028909,はるきパパ,2MXRyU-aWyJpK-pypyXp,41000,崩れたスタジアム,1
2023-04-23,2023-04-23 10:30:00,シティリーグ,シティリーグ2023 シーズン4 オープンリーグ,トーナメントセンターバトロコ川越駅前,埼玉県,109039,/event/detail/109039/result,3,0000028909,はるきパパ,2MXRyU-aWyJpK-pypyXp,43037,ジェットエネルギー,2
2023-04-23,2023-04-23 10:30:00,シティリーグ,シティリーグ2023 シーズン4 オープンリーグ,トーナメントセンターバトロコ川越駅前,埼玉県,109039,/event/detail/109039/result,3,0000028909,はるきパパ,2MXRyU-aWyJpK-pypyXp,42029,Vガードエネルギー,2
2023-04-23,2023-04-23 10:30:00,シティリーグ,シティリーグ2023 シーズン4 オープンリーグ,トーナメントセンターバトロコ川越駅前,埼玉県,109039,/event/detail/109039/result,3,0000028909,はるきパパ,2MXRyU-aWyJpK-pypyXp,41904,ギフトエネルギー,4
2023-04-23,2023-04-23 10:30:00,シティリーグ,シティリーグ2023 シーズン4 オープンリーグ,トーナメントセンターバトロコ川越駅前,埼玉県,109039,/event/detail/109039/result,3,0000028909,はるきパパ,2MXRyU-aWyJpK-pypyXp,42814,ダブルターボエネルギー,3
2023-04-23,2023-04-23 10:30:00,シティリーグ,シティリーグ2023 シーズン4 オープンリーグ,トーナメントセンターバトロコ川越駅前,埼玉県,109039,/event/detail/109039/result,3,0000028909,はるきパパ,2MXRyU-aWyJpK-pypyXp,42190,リゲインエネルギー,2
2023-04-23,2023-04-23 10:30:00,シティリーグ,シティリーグ2023 シーズン4 オープンリーグ,トーナメントセンターバトロコ川越駅前,埼玉県,109039,/event/detail/109039/result,3,0000028909,はるきパパ,2MXRyU-aWyJpK-pypyXp,43278,リバーサルエネルギー,1
2023-04-23,2023-04-23 10:30:00,シティリーグ,シティリーグ2023 シーズン4 オープンリーグ,トーナメントセンターバトロコ川越駅前,埼玉県,109039,/event/detail/109039/result,3,0000028909,はるきパパ,2MXRyU-aWyJpK-pypyXp,43207,セラピーエネルギー,2
2023-04-23,2023-04-23 10:30:00,シティリーグ,シティリーグ2023 シーズン4 オープンリーグ,トーナメントセンターバトロコ川越駅前,埼玉県,109039,/event/detail/109039/result,3,0000377232,フローズン,84YDxK-QnTMqP-xxDcxa,40985,アルセウスV,4
2023-04-23,2023-04-23 10:30:00,シティリーグ,シティリーグ2023 シーズン4 オープンリーグ,トーナメントセンターバトロコ川越駅前,埼玉県,109039,/event/detail/109039/result,3,0000377232,フローズン,84YDxK-QnTMqP-xxDcxa,40986,アルセウスVSTAR,3
2023-04-23,2023-04-23 10:30:00,シティリーグ,シティリーグ2023 シーズン4 オープンリーグ,トーナメントセンターバトロコ川越駅前,埼玉県,109039,/event/detail/109039/result,3,0000377232,フローズン,84YDxK-QnTMqP-xxDcxa,41884,ギラティナV,2
2023-04-23,2023-04-23 10:30:00,シティリーグ,シティリーグ2023 シーズン4 オープンリーグ,トーナメントセンターバトロコ川越駅前,埼玉県,109039,/event/detail/109039/result,3,0000377232,フローズン,84YDxK-QnTMqP-xxDcxa,41885,ギラティナVSTAR,2
2023-04-23,2023-04-23 10:30:00,シティリーグ,シティリーグ2023 シーズン4 オープンリーグ,トーナメントセンターバトロコ川越駅前,埼玉県,109039,/event/detail/109039/result,3,0000377232,フローズン,84YDxK-QnTMqP-xxDcxa,42382,ビッパ,2
2023-04-23,2023-04-23 10:30:00,シティリーグ,シティリーグ2023 シーズン4 オープンリーグ,トーナメントセンターバトロコ川越駅前,埼玉県,109039,/event/detail/109039/result,3,0000377232,フローズン,84YDxK-QnTMqP-xxDcxa,40984,ビーダル,2
2023-04-23,2023-04-23 10:30:00,シティリーグ,シティリーグ2023 シーズン4 オープンリーグ,トーナメントセンターバトロコ川越駅前,埼玉県,109039,/event/detail/109039/result,3,0000377232,フローズン,84YDxK-QnTMqP-xxDcxa,42685,ホシガリス,1
2023-04-23,2023-04-23 10:30:00,シティリーグ,シティリーグ2023 シーズン4 オープンリーグ,トーナメントセンターバトロコ川越駅前,埼玉県,109039,/event/detail/109039/result,3,0000377232,フローズン,84YDxK-QnTMqP-xxDcxa,43164,ミカルゲ,1
2023-04-23,2023-04-23 10:30:00,シティリーグ,シティリーグ2023 シーズン4 オープンリーグ,トーナメントセンターバトロコ川越駅前,埼玉県,109039,/event/detail/109039/result,3,0000377232,フローズン,84YDxK-QnTMqP-xxDcxa,41546,かがやくサーナイト,1
2023-04-23,2023-04-23 10:30:00,シティリーグ,シティリーグ2023 シーズン4 オープンリーグ,トーナメントセンターバトロコ川越駅前,埼玉県,109039,/event/detail/109039/result,3,0000377232,フローズン,84YDxK-QnTMqP-xxDcxa,43272,イキリンコex,1
2023-04-23,2023-04-23 10:30:00,シティリーグ,シティリーグ2023 シーズン4 オープンリーグ,トーナメントセンターバトロコ川越駅前,埼玉県,109039,/event/detail/109039/result,3,0000377232,フローズン,84YDxK-QnTMqP-xxDcxa,42616,ネストボール,4
2023-04-23,2023-04-23 10:30:00,シティリーグ,シティリーグ2023 シーズン4 オープンリーグ,トーナメントセンターバトロコ川越駅前,埼玉県,109039,/event/detail/109039/result,3,0000377232,フローズン,84YDxK-QnTMqP-xxDcxa,40991,ハイパーボール,4
2023-04-23,2023-04-23 10:30:00,シティリーグ,シティリーグ2023 シーズン4 オープンリーグ,トーナメントセンターバトロコ川越駅前,埼玉県,109039,/event/detail/109039/result,3,0000377232,フローズン,84YDxK-QnTMqP-xxDcxa,23020,ポケモンいれかえ,1
2023-04-23,2023-04-23 10:30:00,シティリーグ,シティリーグ2023 シーズン4 オープンリーグ,トーナメントセンターバトロコ川越駅前,埼玉県,109039,/event/detail/109039/result,3,0000377232,フローズン,84YDxK-QnTMqP-xxDcxa,36398,あなぬけのヒモ,1
2023-04-23,2023-04-23 10:30:00,シティリーグ,シティリーグ2023 シーズン4 オープンリーグ,トーナメントセンターバトロコ川越駅前,埼玉県,109039,/event/detail/109039/result,3,0000377232,フローズン,84YDxK-QnTMqP-xxDcxa,43273,すごいつりざお,1
2023-04-23,2023-04-23 10:30:00,シティリーグ,シティリーグ2023 シーズン4 オープンリーグ,トーナメントセンターバトロコ川越駅前,埼玉県,109039,/event/detail/109039/result,3,0000377232,フローズン,84YDxK-QnTMqP-xxDcxa,30208,ともだちてちょう,1
2023-04-23,2023-04-23 10:30:00,シティリーグ,シティリーグ2023 シーズン4 オープンリーグ,トーナメントセンターバトロコ川越駅前,埼玉県,109039,/event/detail/109039/result,3,0000377232,フローズン,84YDxK-QnTMqP-xxDcxa,41897,ロストスイーパー,1
2023-04-23,2023-04-23 10:30:00,シティリーグ,シティリーグ2023 シーズン4 オープンリーグ,トーナメントセンターバトロコ川越駅前,埼玉県,109039,/event/detail/109039/result,3,0000377232,フローズン,84YDxK-QnTMqP-xxDcxa,40992,こだわりベルト,1
2023-04-23,2023-04-23 10:30:00,シティリーグ,シティリーグ2023 シーズン4 オープンリーグ,トーナメントセンターバトロコ川越駅前,埼玉県,109039,/event/detail/109039/result,3,0000377232,フローズン,84YDxK-QnTMqP-xxDcxa,40144,博士の研究（オーキド博士）,3
2023-04-23,2023-04-23 10:30:00,シティリーグ,シティリーグ2023 シーズン4 オープンリーグ,トーナメントセンターバトロコ川越駅前,埼玉県,109039,/event/detail/109039/result,3,0000377232,フローズン,84YDxK-QnTMqP-xxDcxa,43205,ナンジャモ,2
2023-04-23,2023-04-23 10:30:00,シティリーグ,シティリーグ2023 シーズン4 オープンリーグ,トーナメントセンターバトロコ川越駅前,埼玉県,109039,/event/detail/109039/result,3,0000377232,フローズン,84YDxK-QnTMqP-xxDcxa,41090,ジャッジマン,2
2023-04-23,2023-04-23 10:30:00,シティリーグ,シティリーグ2023 シーズン4 オープンリーグ,トーナメントセンターバトロコ川越駅前,埼玉県,109039,/event/detail/109039/result,3,0000377232,フローズン,84YDxK-QnTMqP-xxDcxa,42900,ボスの指令（アカギ）,2
2023-04-23,2023-04-23 10:30:00,シティリーグ,シティリーグ2023 シーズン4 オープンリーグ,トーナメントセンターバトロコ川越駅前,埼玉県,109039,/event/detail/109039/result,3,0000377232,フローズン,84YDxK-QnTMqP-xxDcxa,41087,キバナ,1
2023-04-23,2023-04-23 10:30:00,シティリーグ,シティリーグ2023 シーズン4 オープンリーグ,トーナメントセンターバトロコ川越駅前,埼玉県,109039,/event/detail/109039/result,3,0000377232,フローズン,84YDxK-QnTMqP-xxDcxa,41357,チェレンの気くばり,1
2023-04-23,2023-04-23 10:30:00,シティリーグ,シティリーグ2023 シーズン4 オープンリーグ,トーナメントセンターバトロコ川越駅前,埼玉県,109039,/event/detail/109039/result,3,0000377232,フローズン,84YDxK-QnTMqP-xxDcxa,40316,頂への雪道,4
2023-04-23,2023-04-23 10:30:00,シティリーグ,シティリーグ2023 シーズン4 オープンリーグ,トーナメントセンターバトロコ川越駅前,埼玉県,109039,/event/detail/109039/result,3,0000377232,フローズン,84YDxK-QnTMqP-xxDcxa,41319,ダブルターボエネルギー,4
2023-04-23,2023-04-23 10:30:00,シティリーグ,シティリーグ2023 シーズン4 オープンリーグ,トーナメントセンターバトロコ川越駅前,埼玉県,109039,/event/detail/109039/result,3,0000377232,フローズン,84YDxK-QnTMqP-xxDcxa,41757,基本超エネルギー,4
2023-04-23,2023-04-23 10:30:00,シティリーグ,シティリーグ2023 シーズン4 オープンリーグ,トーナメントセンターバトロコ川越駅前,埼玉県,109039,/event/detail/109039/result,3,0000377232,フローズン,84YDxK-QnTMqP-xxDcxa,41753,基本草エネルギー,4
2023-04-23,2023-04-23 10:30:00,シティリーグ,シティリーグ2023 シーズン4 オープンリーグ,トーナメントセンターバトロコ川越駅前,埼玉県,109039,/event/detail/109039/result,5,0012424812,イナミ,F5Vkkk-YRO0Qt-fFkvV5,39564,インテレオンVMAX,3
2023-04-23,2023-04-23 10:30:00,シティリーグ,シティリーグ2023 シーズン4 オープンリーグ,トーナメントセンターバトロコ川越駅前,埼玉県,109039,/event/detail/109039/result,5,0012424812,イナミ,F5Vkkk-YRO0Qt-fFkvV5,39563,インテレオンV,4
2023-04-23,2023-04-23 10:30:00,シティリーグ,シティリーグ2023 シーズン4 オープンリーグ,トーナメントセンターバトロコ川越駅前,埼玉県,109039,/event/detail/109039/result,5,0012424812,イナミ,F5Vkkk-YRO0Qt-fFkvV5,39153,オクタン,2
2023-04-23,2023-04-23 10:30:00,シティリーグ,シティリーグ2023 シーズン4 オープンリーグ,トーナメントセンターバトロコ川越駅前,埼玉県,109039,/event/detail/109039/result,5,0012424812,イナミ,F5Vkkk-YRO0Qt-fFkvV5,40182,テッポウオ,2
2023-04-23,2023-04-23 10:30:00,シティリーグ,シティリーグ2023 シーズン4 オープンリーグ,トーナメントセンターバトロコ川越駅前,埼玉県,109039,/event/detail/109039/result,5,0012424812,イナミ,F5Vkkk-YRO0Qt-fFkvV5,41275,ラルトス,3
2023-04-23,2023-04-23 10:30:00,シティリーグ,シティリーグ2023 シーズン4 オープンリーグ,トーナメントセンターバトロコ川越駅前,埼玉県,109039,/event/detail/109039/result,5,0012424812,イナミ,F5Vkkk-YRO0Qt-fFkvV5,42052,キルリア,3
2023-04-23,2023-04-23 10:30:00,シティリーグ,シティリーグ2023 シーズン4 オープンリーグ,トーナメントセンターバトロコ川越駅前,埼玉県,109039,/event/detail/109039/result,5,0012424812,イナミ,F5Vkkk-YRO0Qt-fFkvV5,41220,エルレイド,2
2023-04-23,2023-04-23 10:30:00,シティリーグ,シティリーグ2023 シーズン4 オープンリーグ,トーナメントセンターバトロコ川越駅前,埼玉県,109039,/event/detail/109039/result,5,0012424812,イナミ,F5Vkkk-YRO0Qt-fFkvV5,42316,かがやくサーナイト,1
2023-04-23,2023-04-23 10:30:00,シティリーグ,シティリーグ2023 シーズン4 オープンリーグ,トーナメントセンターバトロコ川越駅前,埼玉県,109039,/event/detail/109039/result,5,0012424812,イナミ,F5Vkkk-YRO0Qt-fFkvV5,42828,マナフィ,1
2023-04-23,2023-04-23 10:30:00,シティリーグ,シティリーグ2023 シーズン4 オープンリーグ,トーナメントセンターバトロコ川越駅前,埼玉県,109039,/event/detail/109039/result,5,0012424812,イナミ,F5Vkkk-YRO0Qt-fFkvV5,42787,ネストボール,4
2023-04-23,2023-04-23 10:30:00,シティリーグ,シティリーグ2023 シーズン4 オープンリーグ,トーナメントセンターバトロコ川越駅前,埼玉県,109039,/event/detail/109039/result,5,0012424812,イナミ,F5Vkkk-YRO0Qt-fFkvV5,42801,レベルボール,4
2023-04-23,2023-04-23 10:30:00,シティリーグ,シティリーグ2023 シーズン4 オープンリーグ,トーナメントセンターバトロコ川越駅前,埼玉県,109039,/event/detail/109039/result,5,0012424812,イナミ,F5Vkkk-YRO0Qt-fFkvV5,42067,キャプチャーアロマ,4
2023-04-23,2023-04-23 10:30:00,シティリーグ,シティリーグ2023 シーズン4 オープンリーグ,トーナメントセンターバトロコ川越駅前,埼玉県,109039,/event/detail/109039/result,5,0012424812,イナミ,F5Vkkk-YRO0Qt-fFkvV5,42246,ポケモンいれかえ,1
2023-04-23,2023-04-23 10:30:00,シティリーグ,シティリーグ2023 シーズン4 オープンリーグ,トーナメントセンターバトロコ川越駅前,埼玉県,109039,/event/detail/109039/result,5,0012424812,イナミ,F5Vkkk-YRO0Qt-fFkvV5,40832,あなぬけのヒモ,1
2023-04-23,2023-04-23 10:30:00,シティリーグ,シティリーグ2023 シーズン4 オープンリーグ,トーナメントセンターバトロコ川越駅前,埼玉県,109039,/event/detail/109039/result,5,0012424812,イナミ,F5Vkkk-YRO0Qt-fFkvV5,42615,ともだちてちょう,2
2023-04-23,2023-04-23 10:30:00,シティリーグ,シティリーグ2023 シーズン4 オープンリーグ,トーナメントセンターバトロコ川越駅前,埼玉県,109039,/event/detail/109039/result,5,0012424812,イナミ,F5Vkkk-YRO0Qt-fFkvV5,41422,トレッキングシューズ,4
2023-04-23,2023-04-23 10:30:00,シティリーグ,シティリーグ2023 シーズン4 オープンリーグ,トーナメントセンターバトロコ川越駅前,埼玉県,109039,/event/detail/109039/result,5,0012424812,イナミ,F5Vkkk-YRO0Qt-fFkvV5,42184,森の封印石,2
2023-04-23,2023-04-23 10:30:00,シティリーグ,シティリーグ2023 シーズン4 オープンリーグ,トーナメントセンターバトロコ川越駅前,埼玉県,109039,/event/detail/109039/result,5,0012424812,イナミ,F5Vkkk-YRO0Qt-fFkvV5,42406,こだわりベルト,1
2023-04-23,2023-04-23 10:30:00,シティリーグ,シティリーグ2023 シーズン4 オープンリーグ,トーナメントセンターバトロコ川越駅前,埼玉県,109039,/event/detail/109039/result,5,0012424812,イナミ,F5Vkkk-YRO0Qt-fFkvV5,42802,ロストスイーパー,1
2023-04-23,2023-04-23 10:30:00,シティリーグ,シティリーグ2023 シーズン4 オープンリーグ,トーナメントセンターバトロコ川越駅前,埼玉県,109039,/event/detail/109039/result,5,0012424812,イナミ,F5Vkkk-YRO0Qt-fFkvV5,37874,博士の研究（マグノリア博士）,1
2023-04-23,2023-04-23 10:30:00,シティリーグ,シティリーグ2023 シーズン4 オープンリーグ,トーナメントセンターバトロコ川越駅前,埼玉県,109039,/event/detail/109039/result,5,0012424812,イナミ,F5Vkkk-YRO0Qt-fFkvV5,38062,ボスの指令（サカキ）,1
2023-04-23,2023-04-23 10:30:00,シティリーグ,シティリーグ2023 シーズン4 オープンリーグ,トーナメントセンターバトロコ川越駅前,埼玉県,109039,/event/detail/109039/result,5,0012424812,イナミ,F5Vkkk-YRO0Qt-fFkvV5,39511,モミ,2
2023-04-23,2023-04-23 10:30:00,シティリーグ,シティリーグ2023 シーズン4 オープンリーグ,トーナメントセンターバトロコ川越駅前,埼玉県,109039,/event/detail/109039/result,5,0012424812,イナミ,F5Vkkk-YRO0Qt-fFkvV5,39358,セイボリー,1
2023-04-23,2023-04-23 10:30:00,シティリーグ,シティリーグ2023 シーズン4 オープンリーグ,トーナメントセンターバトロコ川越駅前,埼玉県,109039,/event/detail/109039/result,5,0012424812,イナミ,F5Vkkk-YRO0Qt-fFkvV5,43205,ナンジャモ,4
2023-04-23,2023-04-23 10:30:00,シティリーグ,シティリーグ2023 シーズン4 オープンリーグ,トーナメントセンターバトロコ川越駅前,埼玉県,109039,/event/detail/109039/result,5,0012424812,イナミ,F5Vkkk-YRO0Qt-fFkvV5,42812,頂への雪道,3
2023-04-23,2023-04-23 10:30:00,シティリーグ,シティリーグ2023 シーズン4 オープンリーグ,トーナメントセンターバトロコ川越駅前,埼玉県,109039,/event/detail/109039/result,5,0012424812,イナミ,F5Vkkk-YRO0Qt-fFkvV5,40881,れんげきエネルギー,3
2023-04-23,2023-04-23 10:30:00,シティリーグ,シティリーグ2023 シーズン4 オープンリーグ,トーナメントセンターバトロコ川越駅前,埼玉県,109039,/event/detail/109039/result,5,0003079458,マキ,vfkkkV-7FRptV-wfv5F1,42828,マナフィ,1
2023-04-23,2023-04-23 10:30:00,シティリーグ,シティリーグ2023 シーズン4 オープンリーグ,トーナメントセンターバトロコ川越駅前,埼玉県,109039,/event/detail/109039/result,5,0003079458,マキ,vfkkkV-7FRptV-wfv5F1,41218,ラルトス,4
2023-04-23,2023-04-23 10:30:00,シティリーグ,シティリーグ2023 シーズン4 オープンリーグ,トーナメントセンターバトロコ川越駅前,埼玉県,109039,/event/detail/109039/result,5,0003079458,マキ,vfkkkV-7FRptV-wfv5F1,42052,キルリア,3
2023-04-23,2023-04-23 10:30:00,シティリーグ,シティリーグ2023 シーズン4 オープンリーグ,トーナメントセンターバトロコ川越駅前,埼玉県,109039,/event/detail/109039/result,5,0003079458,マキ,vfkkkV-7FRptV-wfv5F1,41389,クレセリア,1
2023-04-23,2023-04-23 10:30:00,シティリーグ,シティリーグ2023 シーズン4 オープンリーグ,トーナメントセンターバトロコ川越駅前,埼玉県,109039,/event/detail/109039/result,5,0003079458,マキ,vfkkkV-7FRptV-wfv5F1,41027,サーナイト,2
2023-04-23,2023-04-23 10:30:00,シティリーグ,シティリーグ2023 シーズン4 オープンリーグ,トーナメントセンターバトロコ川越駅前,埼玉県,109039,/event/detail/109039/result,5,0003079458,マキ,vfkkkV-7FRptV-wfv5F1,43061,サーナイトex,2
2023-04-23,2023-04-23 10:30:00,シティリーグ,シティリーグ2023 シーズン4 オープンリーグ,トーナメントセンターバトロコ川越駅前,埼玉県,109039,/event/detail/109039/result,5,0003079458,マキ,vfkkkV-7FRptV-wfv5F1,42294,かがやくゲッコウガ,1
2023-04-23,2023-04-23 10:30:00,シティリーグ,シティリーグ2023 シーズン4 オープンリーグ,トーナメントセンターバトロコ川越駅前,埼玉県,109039,/event/detail/109039/result,5,0003079458,マキ,vfkkkV-7FRptV-wfv5F1,42575,フワンテ,2
2023-04-23,2023-04-23 10:30:00,シティリーグ,シティリーグ2023 シーズン4 オープンリーグ,トーナメントセンターバトロコ川越駅前,埼玉県,109039,/event/detail/109039/result,5,0003079458,マキ,vfkkkV-7FRptV-wfv5F1,42833,ミュウ,1
2023-04-23,2023-04-23 10:30:00,シティリーグ,シティリーグ2023 シーズン4 オープンリーグ,トーナメントセンターバトロコ川越駅前,埼玉県,109039,/event/detail/109039/result,5,0003079458,マキ,vfkkkV-7FRptV-wfv5F1,40053,バトルVIPパス,4
2023-04-23,2023-04-23 10:30:00,シティリーグ,シティリーグ2023 シーズン4 オープンリーグ,トーナメントセンターバトロコ川越駅前,埼玉県,109039,/event/detail/109039/result,5,0003079458,マキ,vfkkkV-7FRptV-wfv5F1,38366,ともだちてちょう,1
2023-04-23,2023-04-23 10:30:00,シティリーグ,シティリーグ2023 シーズン4 オープンリーグ,トーナメントセンターバトロコ川越駅前,埼玉県,109039,/event/detail/109039/result,5,0003079458,マキ,vfkkkV-7FRptV-wfv5F1,43273,すごいつりざお,1
2023-04-23,2023-04-23 10:30:00,シティリーグ,シティリーグ2023 シーズン4 オープンリーグ,トーナメントセンターバトロコ川越駅前,埼玉県,109039,/event/detail/109039/result,5,0003079458,マキ,vfkkkV-7FRptV-wfv5F1,43106,ハイパーボール,3
2023-04-23,2023-04-23 10:30:00,シティリーグ,シティリーグ2023 シーズン4 オープンリーグ,トーナメントセンターバトロコ川越駅前,埼玉県,109039,/event/detail/109039/result,5,0003079458,マキ,vfkkkV-7FRptV-wfv5F1,42801,レベルボール,4
2023-04-23,2023-04-23 10:30:00,シティリーグ,シティリーグ2023 シーズン4 オープンリーグ,トーナメントセンターバトロコ川越駅前,埼玉県,109039,/event/detail/109039/result,5,0003079458,マキ,vfkkkV-7FRptV-wfv5F1,42799,霧の水晶,4
2023-04-23,2023-04-23 10:30:00,シティリーグ,シティリーグ2023 シーズン4 オープンリーグ,トーナメントセンターバトロコ川越駅前,埼玉県,109039,/event/detail/109039/result,5,0003079458,マキ,vfkkkV-7FRptV-wfv5F1,43203,勇気のおまもり,2
2023-04-23,2023-04-23 10:30:00,シティリーグ,シティリーグ2023 シーズン4 オープンリーグ,トーナメントセンターバトロコ川越駅前,埼玉県,109039,/event/detail/109039/result,5,0003079458,マキ,vfkkkV-7FRptV-wfv5F1,42802,ロストスイーパー,1
2023-04-23,2023-04-23 10:30:00,シティリーグ,シティリーグ2023 シーズン4 オープンリーグ,トーナメントセンターバトロコ川越駅前,埼玉県,109039,/event/detail/109039/result,5,0003079458,マキ,vfkkkV-7FRptV-wfv5F1,43129,ふしぎなアメ,3
2023-04-23,2023-04-23 10:30:00,シティリーグ,シティリーグ2023 シーズン4 オープンリーグ,トーナメントセンターバトロコ川越駅前,埼玉県,109039,/event/detail/109039/result,5,0003079458,マキ,vfkkkV-7FRptV-wfv5F1,43205,ナンジャモ,4
2023-04-23,2023-04-23 10:30:00,シティリーグ,シティリーグ2023 シーズン4 オープンリーグ,トーナメントセンターバトロコ川越駅前,埼玉県,109039,/event/detail/109039/result,5,0003079458,マキ,vfkkkV-7FRptV-wfv5F1,38062,ボスの指令（サカキ）,3
2023-04-23,2023-04-23 10:30:00,シティリーグ,シティリーグ2023 シーズン4 オープンリーグ,トーナメントセンターバトロコ川越駅前,埼玉県,109039,/event/detail/109039/result,5,0003079458,マキ,vfkkkV-7FRptV-wfv5F1,39511,モミ,1
2023-04-23,2023-04-23 10:30:00,シティリーグ,シティリーグ2023 シーズン4 オープンリーグ,トーナメントセンターバトロコ川越駅前,埼玉県,109039,/event/detail/109039/result,5,0003079458,マキ,vfkkkV-7FRptV-wfv5F1,42092,チャンピオンズフェスティバル,2
2023-04-23,2023-04-23 10:30:00,シティリーグ,シティリーグ2023 シーズン4 オープンリーグ,トーナメントセンターバトロコ川越駅前,埼玉県,109039,/event/detail/109039/result,5,0003079458,マキ,vfkkkV-7FRptV-wfv5F1,42960,基本超エネルギー,10
2023-04-23,2023-04-23 10:30:00,シティリーグ,シティリーグ2023 シーズン4 オープンリーグ,トーナメントセンターバトロコ川越駅前,埼玉県,109039,/event/detail/109039/result,5,0000238182,くうや,22X2yp-U3gxQG-yyXypy,42314,ミュウV,4
2023-04-23,2023-04-23 10:30:00,シティリーグ,シティリーグ2023 シーズン4 オープンリーグ,トーナメントセンターバトロコ川越駅前,埼玉県,109039,/event/detail/109039/result,5,0000238182,くうや,22X2yp-U3gxQG-yyXypy,42315,ミュウVMAX,3
2023-04-23,2023-04-23 10:30:00,シティリーグ,シティリーグ2023 シーズン4 オープンリーグ,トーナメントセンターバトロコ川越駅前,埼玉県,109039,/event/detail/109039/result,5,0000238182,くうや,22X2yp-U3gxQG-yyXypy,42363,ゲノセクトV,4
2023-04-23,2023-04-23 10:30:00,シティリーグ,シティリーグ2023 シーズン4 オープンリーグ,トーナメントセンターバトロコ川越駅前,埼玉県,109039,/event/detail/109039/result,5,0000238182,くうや,22X2yp-U3gxQG-yyXypy,40010,メロエッタ,2
2023-04-23,2023-04-23 10:30:00,シティリーグ,シティリーグ2023 シーズン4 オープンリーグ,トーナメントセンターバトロコ川越駅前,埼玉県,109039,/event/detail/109039/result,5,0000238182,くうや,22X2yp-U3gxQG-yyXypy,41421,いれかえカート,2
2023-04-23,2023-04-23 10:30:00,シティリーグ,シティリーグ2023 シーズン4 オープンリーグ,トーナメントセンターバトロコ川越駅前,埼玉県,109039,/event/detail/109039/result,5,0000238182,くうや,22X2yp-U3gxQG-yyXypy,28414,あなぬけのヒモ,2
2023-04-23,2023-04-23 10:30:00,シティリーグ,シティリーグ2023 シーズン4 オープンリーグ,トーナメントセンターバトロコ川越駅前,埼玉県,109039,/event/detail/109039/result,5,0000238182,くうや,22X2yp-U3gxQG-yyXypy,34438,ネストボール,2
2023-04-23,2023-04-23 10:30:00,シティリーグ,シティリーグ2023 シーズン4 オープンリーグ,トーナメントセンターバトロコ川越駅前,埼玉県,109039,/event/detail/109039/result,5,0000238182,くうや,22X2yp-U3gxQG-yyXypy,31968,ハイパーボール,4
2023-04-23,2023-04-23 10:30:00,シティリーグ,シティリーグ2023 シーズン4 オープンリーグ,トーナメントセンターバトロコ川越駅前,埼玉県,109039,/event/detail/109039/result,5,0000238182,くうや,22X2yp-U3gxQG-yyXypy,40053,バトルVIPパス,4
2023-04-23,2023-04-23 10:30:00,シティリーグ,シティリーグ2023 シーズン4 オープンリーグ,トーナメントセンターバトロコ川越駅前,埼玉県,109039,/event/detail/109039/result,5,0000238182,くうや,22X2yp-U3gxQG-yyXypy,40284,霧の水晶,1
2023-04-23,2023-04-23 10:30:00,シティリーグ,シティリーグ2023 シーズン4 オープンリーグ,トーナメントセンターバトロコ川越駅前,埼玉県,109039,/event/detail/109039/result,5,0000238182,くうや,22X2yp-U3gxQG-yyXypy,40054,パワータブレット,4
2023-04-23,2023-04-23 10:30:00,シティリーグ,シティリーグ2023 シーズン4 オープンリーグ,トーナメントセンターバトロコ川越駅前,埼玉県,109039,/event/detail/109039/result,5,0000238182,くうや,22X2yp-U3gxQG-yyXypy,39668,ウッウロボ,4
2023-04-23,2023-04-23 10:30:00,シティリーグ,シティリーグ2023 シーズン4 オープンリーグ,トーナメントセンターバトロコ川越駅前,埼玉県,109039,/event/detail/109039/result,5,0000238182,くうや,22X2yp-U3gxQG-yyXypy,41897,ロストスイーパー,2
2023-04-23,2023-04-23 10:30:00,シティリーグ,シティリーグ2023 シーズン4 オープンリーグ,トーナメントセンターバトロコ川越駅前,埼玉県,109039,/event/detail/109039/result,5,0000238182,くうや,22X2yp-U3gxQG-yyXypy,39331,やまびこホーン,1
2023-04-23,2023-04-23 10:30:00,シティリーグ,シティリーグ2023 シーズン4 オープンリーグ,トーナメントセンターバトロコ川越駅前,埼玉県,109039,/event/detail/109039/result,5,0000238182,くうや,22X2yp-U3gxQG-yyXypy,34436,ともだちてちょう,1
2023-04-23,2023-04-23 10:30:00,シティリーグ,シティリーグ2023 シーズン4 オープンリーグ,トーナメントセンターバトロコ川越駅前,埼玉県,109039,/event/detail/109039/result,5,0000238182,くうや,22X2yp-U3gxQG-yyXypy,42184,森の封印石,2
2023-04-23,2023-04-23 10:30:00,シティリーグ,シティリーグ2023 シーズン4 オープンリーグ,トーナメントセンターバトロコ川越駅前,埼玉県,109039,/event/detail/109039/result,5,0000238182,くうや,22X2yp-U3gxQG-yyXypy,41313,こだわりベルト,2
2023-04-23,2023-04-23 10:30:00,シティリーグ,シティリーグ2023 シーズン4 オープンリーグ,トーナメントセンターバトロコ川越駅前,埼玉県,109039,/event/detail/109039/result,5,0000238182,くうや,22X2yp-U3gxQG-yyXypy,40058,カミツレのきらめき,2
2023-04-23,2023-04-23 10:30:00,シティリーグ,シティリーグ2023 シーズン4 オープンリーグ,トーナメントセンターバトロコ川越駅前,埼玉県,109039,/event/detail/109039/result,5,0000238182,くうや,22X2yp-U3gxQG-yyXypy,43205,ナンジャモ,2
2023-04-23,2023-04-23 10:30:00,シティリーグ,シティリーグ2023 シーズン4 オープンリーグ,トーナメントセンターバトロコ川越駅前,埼玉県,109039,/event/detail/109039/result,5,0000238182,くうや,22X2yp-U3gxQG-yyXypy,38861,ボスの指令（フラダリ）,2
2023-04-23,2023-04-23 10:30:00,シティリーグ,シティリーグ2023 シーズン4 オープンリーグ,トーナメントセンターバトロコ川越駅前,埼玉県,109039,/event/detail/109039/result,5,0000238182,くうや,22X2yp-U3gxQG-yyXypy,39735,結晶の洞窟,1
2023-04-23,2023-04-23 10:30:00,シティリーグ,シティリーグ2023 シーズン4 オープンリーグ,トーナメントセンターバトロコ川越駅前,埼玉県,109039,/event/detail/109039/result,5,0000238182,くうや,22X2yp-U3gxQG-yyXypy,39430,頂への雪道,2
2023-04-23,2023-04-23 10:30:00,シティリーグ,シティリーグ2023 シーズン4 オープンリーグ,トーナメントセンターバトロコ川越駅前,埼玉県,109039,/event/detail/109039/result,5,0000238182,くうや,22X2yp-U3gxQG-yyXypy,40062,フュージョンエネルギー,4
2023-04-23,2023-04-23 10:30:00,シティリーグ,シティリーグ2023 シーズン4 オープンリーグ,トーナメントセンターバトロコ川越駅前,埼玉県,109039,/event/detail/109039/result,5,0000238182,くうや,22X2yp-U3gxQG-yyXypy,41002,ダブルターボエネルギー,2
2023-04-23,2023-04-23 10:30:00,シティリーグ,シティリーグ2023 シーズン4 オープンリーグ,トーナメントセンターバトロコ川越駅前,埼玉県,109039,/event/detail/109039/result,5,0000238182,くうや,22X2yp-U3gxQG-yyXypy,25288,基本超エネルギー,1
2023-04-23,2023-04-23 10:30:00,シティリーグ,シティリーグ2023 シーズン4 オープンリーグ,トーナメントセンターバトロコ川越駅前,埼玉県,109039,/event/detail/109039/result,5,0000017277,でんでん,yUMypM-PBDqbn-2yMXyy,42171,ルギアV,4
2023-04-23,2023-04-23 10:30:00,シティリーグ,シティリーグ2023 シーズン4 オープンリーグ,トーナメントセンターバトロコ川越駅前,埼玉県,109039,/event/detail/109039/result,5,0000017277,でんでん,yUMypM-PBDqbn-2yMXyy,42172,ルギアVSTAR,3
2023-04-23,2023-04-23 10:30:00,シティリーグ,シティリーグ2023 シーズン4 オープンリーグ,トーナメントセンターバトロコ川越駅前,埼玉県,109039,/event/detail/109039/result,5,0000017277,でんでん,yUMypM-PBDqbn-2yMXyy,42175,アーケオス,4
2023-04-23,2023-04-23 10:30:00,シティリーグ,シティリーグ2023 シーズン4 オープンリーグ,トーナメントセンターバトロコ川越駅前,埼玉県,109039,/event/detail/109039/result,5,0000017277,でんでん,yUMypM-PBDqbn-2yMXyy,42794,ネオラントV,2
2023-04-23,2023-04-23 10:30:00,シティリーグ,シティリーグ2023 シーズン4 オープンリーグ,トーナメントセンターバトロコ川越駅前,埼玉県,109039,/event/detail/109039/result,5,0000017277,でんでん,yUMypM-PBDqbn-2yMXyy,42346,ドラピオンV,1
2023-04-23,2023-04-23 10:30:00,シティリーグ,シティリーグ2023 シーズン4 オープンリーグ,トーナメントセンターバトロコ川越駅前,埼玉県,109039,/event/detail/109039/result,5,0000017277,でんでん,yUMypM-PBDqbn-2yMXyy,41770,カビゴン,2
2023-04-23,2023-04-23 10:30:00,シティリーグ,シティリーグ2023 シーズン4 オープンリーグ,トーナメントセンターバトロコ川越駅前,埼玉県,109039,/event/detail/109039/result,5,0000017277,でんでん,yUMypM-PBDqbn-2yMXyy,42392,アヤシシV,1
2023-04-23,2023-04-23 10:30:00,シティリーグ,シティリーグ2023 シーズン4 オープンリーグ,トーナメントセンターバトロコ川越駅前,埼玉県,109039,/event/detail/109039/result,5,0000017277,でんでん,yUMypM-PBDqbn-2yMXyy,43272,イキリンコex,1
2023-04-23,2023-04-23 10:30:00,シティリーグ,シティリーグ2023 シーズン4 オープンリーグ,トーナメントセンターバトロコ川越駅前,埼玉県,109039,/event/detail/109039/result,5,0000017277,でんでん,yUMypM-PBDqbn-2yMXyy,41970,かがやくアマージョ,1
2023-04-23,2023-04-23 10:30:00,シティリーグ,シティリーグ2023 シーズン4 オープンリーグ,トーナメントセンターバトロコ川越駅前,埼玉県,109039,/event/detail/109039/result,5,0000017277,でんでん,yUMypM-PBDqbn-2yMXyy,42788,ハイパーボール,4
2023-04-23,2023-04-23 10:30:00,シティリーグ,シティリーグ2023 シーズン4 オープンリーグ,トーナメントセンターバトロコ川越駅前,埼玉県,109039,/event/detail/109039/result,5,0000017277,でんでん,yUMypM-PBDqbn-2yMXyy,42021,キャプチャーアロマ,4
2023-04-23,2023-04-23 10:30:00,シティリーグ,シティリーグ2023 シーズン4 オープンリーグ,トーナメントセンターバトロコ川越駅前,埼玉県,109039,/event/detail/109039/result,5,0000017277,でんでん,yUMypM-PBDqbn-2yMXyy,42787,ネストボール,2
2023-04-23,2023-04-23 10:30:00,シティリーグ,シティリーグ2023 シーズン4 オープンリーグ,トーナメントセンターバトロコ川越駅前,埼玉県,109039,/event/detail/109039/result,5,0000017277,でんでん,yUMypM-PBDqbn-2yMXyy,42802,ロストスイーパー,1
2023-04-23,2023-04-23 10:30:00,シティリーグ,シティリーグ2023 シーズン4 オープンリーグ,トーナメントセンターバトロコ川越駅前,埼玉県,109039,/event/detail/109039/result,5,0000017277,でんでん,yUMypM-PBDqbn-2yMXyy,42420,博士の研究（ナナカマド博士）,3
2023-04-23,2023-04-23 10:30:00,シティリーグ,シティリーグ2023 シーズン4 オープンリーグ,トーナメントセンターバトロコ川越駅前,埼玉県,109039,/event/detail/109039/result,5,0000017277,でんでん,yUMypM-PBDqbn-2yMXyy,42772,ジャッジマン,1
2023-04-23,2023-04-23 10:30:00,シティリーグ,シティリーグ2023 シーズン4 オープンリーグ,トーナメントセンターバトロコ川越駅前,埼玉県,109039,/event/detail/109039/result,5,0000017277,でんでん,yUMypM-PBDqbn-2yMXyy,42810,ボスの指令（アカギ）,3
2023-04-23,2023-04-23 10:30:00,シティリーグ,シティリーグ2023 シーズン4 オープンリーグ,トーナメントセンターバトロコ川越駅前,埼玉県,109039,/event/detail/109039/result,5,0000017277,でんでん,yUMypM-PBDqbn-2yMXyy,42806,セレナ,1
2023-04-23,2023-04-23 10:30:00,シティリーグ,シティリーグ2023 シーズン4 オープンリーグ,トーナメントセンターバトロコ川越駅前,埼玉県,109039,/event/detail/109039/result,5,0000017277,でんでん,yUMypM-PBDqbn-2yMXyy,39924,バーネット博士,1
2023-04-23,2023-04-23 10:30:00,シティリーグ,シティリーグ2023 シーズン4 オープンリーグ,トーナメントセンターバトロコ川越駅前,埼玉県,109039,/event/detail/109039/result,5,0000017277,でんでん,yUMypM-PBDqbn-2yMXyy,42807,ツツジ,1
2023-04-23,2023-04-23 10:30:00,シティリーグ,シティリーグ2023 シーズン4 オープンリーグ,トーナメントセンターバトロコ川越駅前,埼玉県,109039,/event/detail/109039/result,5,0000017277,でんでん,yUMypM-PBDqbn-2yMXyy,43205,ナンジャモ,1
2023-04-23,2023-04-23 10:30:00,シティリーグ,シティリーグ2023 シーズン4 オープンリーグ,トーナメントセンターバトロコ川越駅前,埼玉県,109039,/event/detail/109039/result,5,0000017277,でんでん,yUMypM-PBDqbn-2yMXyy,42702,テーブルシティ,3
2023-04-23,2023-04-23 10:30:00,シティリーグ,シティリーグ2023 シーズン4 オープンリーグ,トーナメントセンターバトロコ川越駅前,埼玉県,109039,/event/detail/109039/result,5,0000017277,でんでん,yUMypM-PBDqbn-2yMXyy,42428,崩れたスタジアム,1
2023-04-23,2023-04-23 10:30:00,シティリーグ,シティリーグ2023 シーズン4 オープンリーグ,トーナメントセンターバトロコ川越駅前,埼玉県,109039,/event/detail/109039/result,5,0000017277,でんでん,yUMypM-PBDqbn-2yMXyy,42814,ダブルターボエネルギー,3
2023-04-23,2023-04-23 10:30:00,シティリーグ,シティリーグ2023 シーズン4 オープンリーグ,トーナメントセンターバトロコ川越駅前,埼玉県,109039,/event/detail/109039/result,5,0000017277,でんでん,yUMypM-PBDqbn-2yMXyy,42029,Vガードエネルギー,2
2023-04-23,2023-04-23 10:30:00,シティリーグ,シティリーグ2023 シーズン4 オープンリーグ,トーナメントセンターバトロコ川越駅前,埼玉県,109039,/event/detail/109039/result,5,0000017277,でんでん,yUMypM-PBDqbn-2yMXyy,41904,ギフトエネルギー,3
2023-04-23,2023-04-23 10:30:00,シティリーグ,シティリーグ2023 シーズン4 オープンリーグ,トーナメントセンターバトロコ川越駅前,埼玉県,109039,/event/detail/109039/result,5,0000017277,でんでん,yUMypM-PBDqbn-2yMXyy,42190,リゲインエネルギー,1
2023-04-23,2023-04-23 10:30:00,シティリーグ,シティリーグ2023 シーズン4 オープンリーグ,トーナメントセンターバトロコ川越駅前,埼玉県,109039,/event/detail/109039/result,5,0000017277,でんでん,yUMypM-PBDqbn-2yMXyy,43037,ジェットエネルギー,4
2023-04-23,2023-04-23 10:30:00,シティリーグ,シティリーグ2023 シーズン4 オープンリーグ,トーナメントセンターバトロコ川越駅前,埼玉県,109039,/event/detail/109039/result,5,0000017277,でんでん,yUMypM-PBDqbn-2yMXyy,43207,セラピーエネルギー,2
2023-04-23,2023-04-23 10:30:00,シティリーグ,シティリーグ2023 シーズン4 オープンリーグ,トーナメントセンターバトロコ川越駅前,埼玉県,109039,/event/detail/109039/result,9,0033917373,シンシン,NnQNng-8V8wLf-nHQgQN,43222,チオンジェンex,3
2023-04-23,2023-04-23 10:30:00,シティリーグ,シティリーグ2023 シーズン4 オープンリーグ,トーナメントセンターバトロコ川越駅前,埼玉県,109039,/event/detail/109039/result,9,0033917373,シンシン,NnQNng-8V8wLf-nHQgQN,43141,フォレトスex,3
2023-04-23,2023-04-23 10:30:00,シティリーグ,シティリーグ2023 シーズン4 オープンリーグ,トーナメントセンターバトロコ川越駅前,埼玉県,109039,/event/detail/109039/result,9,0033917373,シンシン,NnQNng-8V8wLf-nHQgQN,43140,クヌギダマ,4
2023-04-23,2023-04-23 10:30:00,シティリーグ,シティリーグ2023 シーズン4 オープンリーグ,トーナメントセンターバトロコ川越駅前,埼玉県,109039,/event/detail/109039/result,9,0033917373,シンシン,NnQNng-8V8wLf-nHQgQN,42966,トロピウス,1
2023-04-23,2023-04-23 10:30:00,シティリーグ,シティリーグ2023 シーズン4 オープンリーグ,トーナメントセンターバトロコ川越駅前,埼玉県,109039,/event/detail/109039/result,9,0033917373,シンシン,NnQNng-8V8wLf-nHQgQN,43164,ミカルゲ,1
2023-04-23,2023-04-23 10:30:00,シティリーグ,シティリーグ2023 シーズン4 オープンリーグ,トーナメントセンターバトロコ川越駅前,埼玉県,109039,/event/detail/109039/result,9,0033917373,シンシン,NnQNng-8V8wLf-nHQgQN,42006,かがやくジラーチ,1
2023-04-23,2023-04-23 10:30:00,シティリーグ,シティリーグ2023 シーズン4 オープンリーグ,トーナメントセンターバトロコ川越駅前,埼玉県,109039,/event/detail/109039/result,9,0033917373,シンシン,NnQNng-8V8wLf-nHQgQN,42828,マナフィ,1
2023-04-23,2023-04-23 10:30:00,シティリーグ,シティリーグ2023 シーズン4 オープンリーグ,トーナメントセンターバトロコ川越駅前,埼玉県,109039,/event/detail/109039/result,9,0033917373,シンシン,NnQNng-8V8wLf-nHQgQN,41181,アルセウスV,2
2023-04-23,2023-04-23 10:30:00,シティリーグ,シティリーグ2023 シーズン4 オープンリーグ,トーナメントセンターバトロコ川越駅前,埼玉県,109039,/event/detail/109039/result,9,0033917373,シンシン,NnQNng-8V8wLf-nHQgQN,40986,アルセウスVSTAR,2
2023-04-23,2023-04-23 10:30:00,シティリーグ,シティリーグ2023 シーズン4 オープンリーグ,トーナメントセンターバトロコ川越駅前,埼玉県,109039,/event/detail/109039/result,9,0033917373,シンシン,NnQNng-8V8wLf-nHQgQN,43105,ネストボール,4
2023-04-23,2023-04-23 10:30:00,シティリーグ,シティリーグ2023 シーズン4 オープンリーグ,トーナメントセンターバトロコ川越駅前,埼玉県,109039,/event/detail/109039/result,9,0033917373,シンシン,NnQNng-8V8wLf-nHQgQN,42245,ハイパーボール,4
2023-04-23,2023-04-23 10:30:00,シティリーグ,シティリーグ2023 シーズン4 オープンリーグ,トーナメントセンターバトロコ川越駅前,埼玉県,109039,/event/detail/109039/result,9,0033917373,シンシン,NnQNng-8V8wLf-nHQgQN,43107,ポケギア3.0,2
2023-04-23,2023-04-23 10:30:00,シティリーグ,シティリーグ2023 シーズン4 オープンリーグ,トーナメントセンターバトロコ川越駅前,埼玉県,109039,/event/detail/109039/result,9,0033917373,シンシン,NnQNng-8V8wLf-nHQgQN,43203,勇気のおまもり,2
2023-04-23,2023-04-23 10:30:00,シティリーグ,シティリーグ2023 シーズン4 オープンリーグ,トーナメントセンターバトロコ川越駅前,埼玉県,109039,/event/detail/109039/result,9,0033917373,シンシン,NnQNng-8V8wLf-nHQgQN,43108,ポケモンいれかえ,3
2023-04-23,2023-04-23 10:30:00,シティリーグ,シティリーグ2023 シーズン4 オープンリーグ,トーナメントセンターバトロコ川越駅前,埼玉県,109039,/event/detail/109039/result,9,0033917373,シンシン,NnQNng-8V8wLf-nHQgQN,40832,あなぬけのヒモ,2
2023-04-23,2023-04-23 10:30:00,シティリーグ,シティリーグ2023 シーズン4 オープンリーグ,トーナメントセンターバトロコ川越駅前,埼玉県,109039,/event/detail/109039/result,9,0033917373,シンシン,NnQNng-8V8wLf-nHQgQN,42802,ロストスイーパー,3
2023-04-23,2023-04-23 10:30:00,シティリーグ,シティリーグ2023 シーズン4 オープンリーグ,トーナメントセンターバトロコ川越駅前,埼玉県,109039,/event/detail/109039/result,9,0033917373,シンシン,NnQNng-8V8wLf-nHQgQN,42618,学習装置,1
2023-04-23,2023-04-23 10:30:00,シティリーグ,シティリーグ2023 シーズン4 オープンリーグ,トーナメントセンターバトロコ川越駅前,埼玉県,109039,/event/detail/109039/result,9,0033917373,シンシン,NnQNng-8V8wLf-nHQgQN,43205,ナンジャモ,4
2023-04-23,2023-04-23 10:30:00,シティリーグ,シティリーグ2023 シーズン4 オープンリーグ,トーナメントセンターバトロコ川越駅前,埼玉県,109039,/event/detail/109039/result,9,0033917373,シンシン,NnQNng-8V8wLf-nHQgQN,42807,ツツジ,2
2023-04-23,2023-04-23 10:30:00,シティリーグ,シティリーグ2023 シーズン4 オープンリーグ,トーナメントセンターバトロコ川越駅前,埼玉県,109039,/event/detail/109039/result,9,0033917373,シンシン,NnQNng-8V8wLf-nHQgQN,43034,ボスの指令（ゲーチス）,2
2023-04-23,2023-04-23 10:30:00,シティリーグ,シティリーグ2023 シーズン4 オープンリーグ,トーナメントセンターバトロコ川越駅前,埼玉県,109039,/event/detail/109039/result,9,0033917373,シンシン,NnQNng-8V8wLf-nHQgQN,42812,頂への雪道,3
2023-04-23,2023-04-23 10:30:00,シティリーグ,シティリーグ2023 シーズン4 オープンリーグ,トーナメントセンターバトロコ川越駅前,埼玉県,109039,/event/detail/109039/result,9,0033917373,シンシン,NnQNng-8V8wLf-nHQgQN,42779,基本草エネルギー,8
2023-04-23,2023-04-23 10:30:00,シティリーグ,シティリーグ2023 シーズン4 オープンリーグ,トーナメントセンターバトロコ川越駅前,埼玉県,109039,/event/detail/109039/result,9,0033917373,シンシン,NnQNng-8V8wLf-nHQgQN,42029,Vガードエネルギー,2
2023-04-23,2023-04-23 10:30:00,シティリーグ,シティリーグ2023 シーズン4 オープンリーグ,トーナメントセンターバトロコ川越駅前,埼玉県,109039,/event/detail/109039/result,9,0007354245,くろず,48cx88-kdg7nt-D84x88,41853,キュワワー,4
2023-04-23,2023-04-23 10:30:00,シティリーグ,シティリーグ2023 シーズン4 オープンリーグ,トーナメントセンターバトロコ川越駅前,埼玉県,109039,/event/detail/109039/result,9,0007354245,くろず,48cx88-kdg7nt-D84x88,41837,ウッウ,2
2023-04-23,2023-04-23 10:30:00,シティリーグ,シティリーグ2023 シーズン4 オープンリーグ,トーナメントセンターバトロコ川越駅前,埼玉県,109039,/event/detail/109039/result,9,0007354245,くろず,48cx88-kdg7nt-D84x88,41848,ヤミラミ,2
2023-04-23,2023-04-23 10:30:00,シティリーグ,シティリーグ2023 シーズン4 オープンリーグ,トーナメントセンターバトロコ川越駅前,埼玉県,109039,/event/detail/109039/result,9,0007354245,くろず,48cx88-kdg7nt-D84x88,41212,かがやくゲッコウガ,1
2023-04-23,2023-04-23 10:30:00,シティリーグ,シティリーグ2023 シーズン4 オープンリーグ,トーナメントセンターバトロコ川越駅前,埼玉県,109039,/event/detail/109039/result,9,0007354245,くろず,48cx88-kdg7nt-D84x88,40933,マナフィ,1
2023-04-23,2023-04-23 10:30:00,シティリーグ,シティリーグ2023 シーズン4 オープンリーグ,トーナメントセンターバトロコ川越駅前,埼玉県,109039,/event/detail/109039/result,9,0007354245,くろず,48cx88-kdg7nt-D84x88,40072,カイオーガ,1
2023-04-23,2023-04-23 10:30:00,シティリーグ,シティリーグ2023 シーズン4 オープンリーグ,トーナメントセンターバトロコ川越駅前,埼玉県,109039,/event/detail/109039/result,9,0007354245,くろず,48cx88-kdg7nt-D84x88,42014,ザマゼンタ,1
2023-04-23,2023-04-23 10:30:00,シティリーグ,シティリーグ2023 シーズン4 オープンリーグ,トーナメントセンターバトロコ川越駅前,埼玉県,109039,/event/detail/109039/result,9,0007354245,くろず,48cx88-kdg7nt-D84x88,40053,バトルVIPパス,4
2023-04-23,2023-04-23 10:30:00,シティリーグ,シティリーグ2023 シーズン4 オープンリーグ,トーナメントセンターバトロコ川越駅前,埼玉県,109039,/event/detail/109039/result,9,0007354245,くろず,48cx88-kdg7nt-D84x88,41896,ミラージュゲート,4
2023-04-23,2023-04-23 10:30:00,シティリーグ,シティリーグ2023 シーズン4 オープンリーグ,トーナメントセンターバトロコ川越駅前,埼玉県,109039,/event/detail/109039/result,9,0007354245,くろず,48cx88-kdg7nt-D84x88,40832,あなぬけのヒモ,3
2023-04-23,2023-04-23 10:30:00,シティリーグ,シティリーグ2023 シーズン4 オープンリーグ,トーナメントセンターバトロコ川越駅前,埼玉県,109039,/event/detail/109039/result,9,0007354245,くろず,48cx88-kdg7nt-D84x88,41490,ヒスイのヘビーボール,1
2023-04-23,2023-04-23 10:30:00,シティリーグ,シティリーグ2023 シーズン4 オープンリーグ,トーナメントセンターバトロコ川越駅前,埼玉県,109039,/event/detail/109039/result,9,0007354245,くろず,48cx88-kdg7nt-D84x88,36435,エネルギーリサイクル,2
2023-04-23,2023-04-23 10:30:00,シティリーグ,シティリーグ2023 シーズン4 オープンリーグ,トーナメントセンターバトロコ川越駅前,埼玉県,109039,/event/detail/109039/result,9,0007354245,くろず,48cx88-kdg7nt-D84x88,41421,いれかえカート,4
2023-04-23,2023-04-23 10:30:00,シティリーグ,シティリーグ2023 シーズン4 オープンリーグ,トーナメントセンターバトロコ川越駅前,埼玉県,109039,/event/detail/109039/result,9,0007354245,くろず,48cx88-kdg7nt-D84x88,36611,ネストボール,3
2023-04-23,2023-04-23 10:30:00,シティリーグ,シティリーグ2023 シーズン4 オープンリーグ,トーナメントセンターバトロコ川越駅前,埼玉県,109039,/event/detail/109039/result,9,0007354245,くろず,48cx88-kdg7nt-D84x88,41334,ポケギア3.0,1
2023-04-23,2023-04-23 10:30:00,シティリーグ,シティリーグ2023 シーズン4 オープンリーグ,トーナメントセンターバトロコ川越駅前,埼玉県,109039,/event/detail/109039/result,9,0007354245,くろず,48cx88-kdg7nt-D84x88,41897,ロストスイーパー,1
2023-04-23,2023-04-23 10:30:00,シティリーグ,シティリーグ2023 シーズン4 オープンリーグ,トーナメントセンターバトロコ川越駅前,埼玉県,109039,/event/detail/109039/result,9,0007354245,くろず,48cx88-kdg7nt-D84x88,43273,すごいつりざお,2
2023-04-23,2023-04-23 10:30:00,シティリーグ,シティリーグ2023 シーズン4 オープンリーグ,トーナメントセンターバトロコ川越駅前,埼玉県,109039,/event/detail/109039/result,9,0007354245,くろず,48cx88-kdg7nt-D84x88,40289,やまびこホーン,1
2023-04-23,2023-04-23 10:30:00,シティリーグ,シティリーグ2023 シーズン4 オープンリーグ,トーナメントセンターバトロコ川越駅前,埼玉県,109039,/event/detail/109039/result,9,0007354245,くろず,48cx88-kdg7nt-D84x88,41899,アクロマの実験,4
2023-04-23,2023-04-23 10:30:00,シティリーグ,シティリーグ2023 シーズン4 オープンリーグ,トーナメントセンターバトロコ川越駅前,埼玉県,109039,/event/detail/109039/result,9,0007354245,くろず,48cx88-kdg7nt-D84x88,41945,ボスの指令（アカギ）,1
2023-04-23,2023-04-23 10:30:00,シティリーグ,シティリーグ2023 シーズン4 オープンリーグ,トーナメントセンターバトロコ川越駅前,埼玉県,109039,/event/detail/109039/result,9,0007354245,くろず,48cx88-kdg7nt-D84x88,41251,ツツジ,1
2023-04-23,2023-04-23 10:30:00,シティリーグ,シティリーグ2023 シーズン4 オープンリーグ,トーナメントセンターバトロコ川越駅前,埼玉県,109039,/event/detail/109039/result,9,0007354245,くろず,48cx88-kdg7nt-D84x88,42805,クララ,1
2023-04-23,2023-04-23 10:30:00,シティリーグ,シティリーグ2023 シーズン4 オープンリーグ,トーナメントセンターバトロコ川越駅前,埼玉県,109039,/event/detail/109039/result,9,0007354245,くろず,48cx88-kdg7nt-D84x88,40858,キバナ,1
2023-04-23,2023-04-23 10:30:00,シティリーグ,シティリーグ2023 シーズン4 オープンリーグ,トーナメントセンターバトロコ川越駅前,埼玉県,109039,/event/detail/109039/result,9,0007354245,くろず,48cx88-kdg7nt-D84x88,42624,ビーチコート,1
2023-04-23,2023-04-23 10:30:00,シティリーグ,シティリーグ2023 シーズン4 オープンリーグ,トーナメントセンターバトロコ川越駅前,埼玉県,109039,/event/detail/109039/result,9,0007354245,くろず,48cx88-kdg7nt-D84x88,43035,ボウルタウン,1
2023-04-23,2023-04-23 10:30:00,シティリーグ,シティリーグ2023 シーズン4 オープンリーグ,トーナメントセンターバトロコ川越駅前,埼玉県,109039,/event/detail/109039/result,9,0007354245,くろず,48cx88-kdg7nt-D84x88,40486,基本水エネルギー,5
2023-04-23,2023-04-23 10:30:00,シティリーグ,シティリーグ2023 シーズン4 オープンリーグ,トーナメントセンターバトロコ川越駅前,埼玉県,109039,/event/detail/109039/result,9,0007354245,くろず,48cx88-kdg7nt-D84x88,40488,基本超エネルギー,3
2023-04-23,2023-04-23 10:30:00,シティリーグ,シティリーグ2023 シーズン4 オープンリーグ,トーナメントセンターバトロコ川越駅前,埼玉県,109039,/event/detail/109039/result,9,0007354245,くろず,48cx88-kdg7nt-D84x88,36470,基本鋼エネルギー,4
2023-04-23,2023-04-23 10:30:00,シティリーグ,シティリーグ2023 シーズン4 オープンリーグ,トーナメントセンターバトロコ川越駅前,埼玉県,109039,/event/detail/109039/result,9,0003418893,ドロリ,LngNgn-9MylwP-nNHLNn,41218,ラルトス,4
2023-04-23,2023-04-23 10:30:00,シティリーグ,シティリーグ2023 シーズン4 オープンリーグ,トーナメントセンターバトロコ川越駅前,埼玉県,109039,/event/detail/109039/result,9,0003418893,ドロリ,LngNgn-9MylwP-nNHLNn,41998,キルリア,3
2023-04-23,2023-04-23 10:30:00,シティリーグ,シティリーグ2023 シーズン4 オープンリーグ,トーナメントセンターバトロコ川越駅前,埼玉県,109039,/event/detail/109039/result,9,0003418893,ドロリ,LngNgn-9MylwP-nNHLNn,40657,キルリア,1
2023-04-23,2023-04-23 10:30:00,シティリーグ,シティリーグ2023 シーズン4 オープンリーグ,トーナメントセンターバトロコ川越駅前,埼玉県,109039,/event/detail/109039/result,9,0003418893,ドロリ,LngNgn-9MylwP-nNHLNn,40658,サーナイト,2
2023-04-23,2023-04-23 10:30:00,シティリーグ,シティリーグ2023 シーズン4 オープンリーグ,トーナメントセンターバトロコ川越駅前,埼玉県,109039,/event/detail/109039/result,9,0003418893,ドロリ,LngNgn-9MylwP-nNHLNn,42574,サーナイトex,2
2023-04-23,2023-04-23 10:30:00,シティリーグ,シティリーグ2023 シーズン4 オープンリーグ,トーナメントセンターバトロコ川越駅前,埼玉県,109039,/event/detail/109039/result,9,0003418893,ドロリ,LngNgn-9MylwP-nNHLNn,41220,エルレイド,1
2023-04-23,2023-04-23 10:30:00,シティリーグ,シティリーグ2023 シーズン4 オープンリーグ,トーナメントセンターバトロコ川越駅前,埼玉県,109039,/event/detail/109039/result,9,0003418893,ドロリ,LngNgn-9MylwP-nNHLNn,41389,クレセリア,1
2023-04-23,2023-04-23 10:30:00,シティリーグ,シティリーグ2023 シーズン4 オープンリーグ,トーナメントセンターバトロコ川越駅前,埼玉県,109039,/event/detail/109039/result,9,0003418893,ドロリ,LngNgn-9MylwP-nNHLNn,42575,フワンテ,2
2023-04-23,2023-04-23 10:30:00,シティリーグ,シティリーグ2023 シーズン4 オープンリーグ,トーナメントセンターバトロコ川越駅前,埼玉県,109039,/event/detail/109039/result,9,0003418893,ドロリ,LngNgn-9MylwP-nNHLNn,42294,かがやくゲッコウガ,1
2023-04-23,2023-04-23 10:30:00,シティリーグ,シティリーグ2023 シーズン4 オープンリーグ,トーナメントセンターバトロコ川越駅前,埼玉県,109039,/event/detail/109039/result,9,0003418893,ドロリ,LngNgn-9MylwP-nNHLNn,40933,マナフィ,1
2023-04-23,2023-04-23 10:30:00,シティリーグ,シティリーグ2023 シーズン4 オープンリーグ,トーナメントセンターバトロコ川越駅前,埼玉県,109039,/event/detail/109039/result,9,0003418893,ドロリ,LngNgn-9MylwP-nNHLNn,42313,ミュウ,1
2023-04-23,2023-04-23 10:30:00,シティリーグ,シティリーグ2023 シーズン4 オープンリーグ,トーナメントセンターバトロコ川越駅前,埼玉県,109039,/event/detail/109039/result,9,0003418893,ドロリ,LngNgn-9MylwP-nNHLNn,40053,バトルVIPパス,4
2023-04-23,2023-04-23 10:30:00,シティリーグ,シティリーグ2023 シーズン4 オープンリーグ,トーナメントセンターバトロコ川越駅前,埼玉県,109039,/event/detail/109039/result,9,0003418893,ドロリ,LngNgn-9MylwP-nNHLNn,42801,レベルボール,3
2023-04-23,2023-04-23 10:30:00,シティリーグ,シティリーグ2023 シーズン4 オープンリーグ,トーナメントセンターバトロコ川越駅前,埼玉県,109039,/event/detail/109039/result,9,0003418893,ドロリ,LngNgn-9MylwP-nNHLNn,42799,霧の水晶,3
2023-04-23,2023-04-23 10:30:00,シティリーグ,シティリーグ2023 シーズン4 オープンリーグ,トーナメントセンターバトロコ川越駅前,埼玉県,109039,/event/detail/109039/result,9,0003418893,ドロリ,LngNgn-9MylwP-nNHLNn,42245,ハイパーボール,3
2023-04-23,2023-04-23 10:30:00,シティリーグ,シティリーグ2023 シーズン4 オープンリーグ,トーナメントセンターバトロコ川越駅前,埼玉県,109039,/event/detail/109039/result,9,0003418893,ドロリ,LngNgn-9MylwP-nNHLNn,41121,ふしぎなアメ,3
2023-04-23,2023-04-23 10:30:00,シティリーグ,シティリーグ2023 シーズン4 オープンリーグ,トーナメントセンターバトロコ川越駅前,埼玉県,109039,/event/detail/109039/result,9,0003418893,ドロリ,LngNgn-9MylwP-nNHLNn,43203,勇気のおまもり,2
2023-04-23,2023-04-23 10:30:00,シティリーグ,シティリーグ2023 シーズン4 オープンリーグ,トーナメントセンターバトロコ川越駅前,埼玉県,109039,/event/detail/109039/result,9,0003418893,ドロリ,LngNgn-9MylwP-nNHLNn,42615,ともだちてちょう,1
2023-04-23,2023-04-23 10:30:00,シティリーグ,シティリーグ2023 シーズン4 オープンリーグ,トーナメントセンターバトロコ川越駅前,埼玉県,109039,/event/detail/109039/result,9,0003418893,ドロリ,LngNgn-9MylwP-nNHLNn,42695,ピクニックバスケット,1
2023-04-23,2023-04-23 10:30:00,シティリーグ,シティリーグ2023 シーズン4 オープンリーグ,トーナメントセンターバトロコ川越駅前,埼玉県,109039,/event/detail/109039/result,9,0003418893,ドロリ,LngNgn-9MylwP-nNHLNn,43205,ナンジャモ,4
2023-04-23,2023-04-23 10:30:00,シティリーグ,シティリーグ2023 シーズン4 オープンリーグ,トーナメントセンターバトロコ川越駅前,埼玉県,109039,/event/detail/109039/result,9,0003418893,ドロリ,LngNgn-9MylwP-nNHLNn,42185,さぎょういん,1
2023-04-23,2023-04-23 10:30:00,シティリーグ,シティリーグ2023 シーズン4 オープンリーグ,トーナメントセンターバトロコ川越駅前,埼玉県,109039,/event/detail/109039/result,9,0003418893,ドロリ,LngNgn-9MylwP-nNHLNn,42701,ミモザ,1
2023-04-23,2023-04-23 10:30:00,シティリーグ,シティリーグ2023 シーズン4 オープンリーグ,トーナメントセンターバトロコ川越駅前,埼玉県,109039,/event/detail/109039/result,9,0003418893,ドロリ,LngNgn-9MylwP-nNHLNn,40307,ボスの指令（フラダリ）,1
2023-04-23,2023-04-23 10:30:00,シティリーグ,シティリーグ2023 シーズン4 オープンリーグ,トーナメントセンターバトロコ川越駅前,埼玉県,109039,/event/detail/109039/result,9,0003418893,ドロリ,LngNgn-9MylwP-nNHLNn,42071,セレナ,1
2023-04-23,2023-04-23 10:30:00,シティリーグ,シティリーグ2023 シーズン4 オープンリーグ,トーナメントセンターバトロコ川越駅前,埼玉県,109039,/event/detail/109039/result,9,0003418893,ドロリ,LngNgn-9MylwP-nNHLNn,43035,ボウルタウン,2
2023-04-23,2023-04-23 10:30:00,シティリーグ,シティリーグ2023 シーズン4 オープンリーグ,トーナメントセンターバトロコ川越駅前,埼玉県,109039,/event/detail/109039/result,9,0003418893,ドロリ,LngNgn-9MylwP-nNHLNn,37746,基本超エネルギー,11
2023-04-23,2023-04-23 10:30:00,シティリーグ,シティリーグ2023 シーズン4 オープンリーグ,トーナメントセンターバトロコ川越駅前,埼玉県,109039,/event/detail/109039/result,9,0000214793,はるき,nNNPHn-QmY3ie-N6Lngg,41218,ラルトス,3
2023-04-23,2023-04-23 10:30:00,シティリーグ,シティリーグ2023 シーズン4 オープンリーグ,トーナメントセンターバトロコ川越駅前,埼玉県,109039,/event/detail/109039/result,9,0000214793,はるき,nNNPHn-QmY3ie-N6Lngg,41997,ラルトス,1
2023-04-23,2023-04-23 10:30:00,シティリーグ,シティリーグ2023 シーズン4 オープンリーグ,トーナメントセンターバトロコ川越駅前,埼玉県,109039,/event/detail/109039/result,9,0000214793,はるき,nNNPHn-QmY3ie-N6Lngg,39394,キルリア,1
2023-04-23,2023-04-23 10:30:00,シティリーグ,シティリーグ2023 シーズン4 オープンリーグ,トーナメントセンターバトロコ川越駅前,埼玉県,109039,/event/detail/109039/result,9,0000214793,はるき,nNNPHn-QmY3ie-N6Lngg,42052,キルリア,3
2023-04-23,2023-04-23 10:30:00,シティリーグ,シティリーグ2023 シーズン4 オープンリーグ,トーナメントセンターバトロコ川越駅前,埼玉県,109039,/event/detail/109039/result,9,0000214793,はるき,nNNPHn-QmY3ie-N6Lngg,42574,サーナイトex,3
2023-04-23,2023-04-23 10:30:00,シティリーグ,シティリーグ2023 シーズン4 オープンリーグ,トーナメントセンターバトロコ川越駅前,埼玉県,109039,/event/detail/109039/result,9,0000214793,はるき,nNNPHn-QmY3ie-N6Lngg,40212,サーナイト,2
2023-04-23,2023-04-23 10:30:00,シティリーグ,シティリーグ2023 シーズン4 オープンリーグ,トーナメントセンターバトロコ川越駅前,埼玉県,109039,/event/detail/109039/result,9,0000214793,はるき,nNNPHn-QmY3ie-N6Lngg,40067,ミュウ,1
2023-04-23,2023-04-23 10:30:00,シティリーグ,シティリーグ2023 シーズン4 オープンリーグ,トーナメントセンターバトロコ川越駅前,埼玉県,109039,/event/detail/109039/result,9,0000214793,はるき,nNNPHn-QmY3ie-N6Lngg,42575,フワンテ,2
2023-04-23,2023-04-23 10:30:00,シティリーグ,シティリーグ2023 シーズン4 オープンリーグ,トーナメントセンターバトロコ川越駅前,埼玉県,109039,/event/detail/109039/result,9,0000214793,はるき,nNNPHn-QmY3ie-N6Lngg,41389,クレセリア,1
2023-04-23,2023-04-23 10:30:00,シティリーグ,シティリーグ2023 シーズン4 オープンリーグ,トーナメントセンターバトロコ川越駅前,埼玉県,109039,/event/detail/109039/result,9,0000214793,はるき,nNNPHn-QmY3ie-N6Lngg,42828,マナフィ,1
2023-04-23,2023-04-23 10:30:00,シティリーグ,シティリーグ2023 シーズン4 オープンリーグ,トーナメントセンターバトロコ川越駅前,埼玉県,109039,/event/detail/109039/result,9,0000214793,はるき,nNNPHn-QmY3ie-N6Lngg,41212,かがやくゲッコウガ,1
2023-04-23,2023-04-23 10:30:00,シティリーグ,シティリーグ2023 シーズン4 オープンリーグ,トーナメントセンターバトロコ川越駅前,埼玉県,109039,/event/detail/109039/result,9,0000214793,はるき,nNNPHn-QmY3ie-N6Lngg,40053,バトルVIPパス,4
2023-04-23,2023-04-23 10:30:00,シティリーグ,シティリーグ2023 シーズン4 オープンリーグ,トーナメントセンターバトロコ川越駅前,埼玉県,109039,/event/detail/109039/result,9,0000214793,はるき,nNNPHn-QmY3ie-N6Lngg,40284,霧の水晶,3
2023-04-23,2023-04-23 10:30:00,シティリーグ,シティリーグ2023 シーズン4 オープンリーグ,トーナメントセンターバトロコ川越駅前,埼玉県,109039,/event/detail/109039/result,9,0000214793,はるき,nNNPHn-QmY3ie-N6Lngg,40290,レベルボール,3
2023-04-23,2023-04-23 10:30:00,シティリーグ,シティリーグ2023 シーズン4 オープンリーグ,トーナメントセンターバトロコ川越駅前,埼玉県,109039,/event/detail/109039/result,9,0000214793,はるき,nNNPHn-QmY3ie-N6Lngg,33274,ハイパーボール,3
2023-04-23,2023-04-23 10:30:00,シティリーグ,シティリーグ2023 シーズン4 オープンリーグ,トーナメントセンターバトロコ川越駅前,埼玉県,109039,/event/detail/109039/result,9,0000214793,はるき,nNNPHn-QmY3ie-N6Lngg,42696,ふしぎなアメ,3
2023-04-23,2023-04-23 10:30:00,シティリーグ,シティリーグ2023 シーズン4 オープンリーグ,トーナメントセンターバトロコ川越駅前,埼玉県,109039,/event/detail/109039/result,9,0000214793,はるき,nNNPHn-QmY3ie-N6Lngg,43203,勇気のおまもり,2
2023-04-23,2023-04-23 10:30:00,シティリーグ,シティリーグ2023 シーズン4 オープンリーグ,トーナメントセンターバトロコ川越駅前,埼玉県,109039,/event/detail/109039/result,9,0000214793,はるき,nNNPHn-QmY3ie-N6Lngg,43273,すごいつりざお,1
2023-04-23,2023-04-23 10:30:00,シティリーグ,シティリーグ2023 シーズン4 オープンリーグ,トーナメントセンターバトロコ川越駅前,埼玉県,109039,/event/detail/109039/result,9,0000214793,はるき,nNNPHn-QmY3ie-N6Lngg,37200,ともだちてちょう,1
2023-04-23,2023-04-23 10:30:00,シティリーグ,シティリーグ2023 シーズン4 オープンリーグ,トーナメントセンターバトロコ川越駅前,埼玉県,109039,/event/detail/109039/result,9,0000214793,はるき,nNNPHn-QmY3ie-N6Lngg,42802,ロストスイーパー,1
2023-04-23,2023-04-23 10:30:00,シティリーグ,シティリーグ2023 シーズン4 オープンリーグ,トーナメントセンターバトロコ川越駅前,埼玉県,109039,/event/detail/109039/result,9,0000214793,はるき,nNNPHn-QmY3ie-N6Lngg,43205,ナンジャモ,4
2023-04-23,2023-04-23 10:30:00,シティリーグ,シティリーグ2023 シーズン4 オープンリーグ,トーナメントセンターバトロコ川越駅前,埼玉県,109039,/event/detail/109039/result,9,0000214793,はるき,nNNPHn-QmY3ie-N6Lngg,41096,ボスの指令（フラダリ）,2
2023-04-23,2023-04-23 10:30:00,シティリーグ,シティリーグ2023 シーズン4 オープンリーグ,トーナメントセンターバトロコ川越駅前,埼玉県,109039,/event/detail/109039/result,9,0000214793,はるき,nNNPHn-QmY3ie-N6Lngg,42185,さぎょういん,1
2023-04-23,2023-04-23 10:30:00,シティリーグ,シティリーグ2023 シーズン4 オープンリーグ,トーナメントセンターバトロコ川越駅前,埼玉県,109039,/event/detail/109039/result,9,0000214793,はるき,nNNPHn-QmY3ie-N6Lngg,35389,チャンピオンズフェスティバル,2
2023-04-23,2023-04-23 10:30:00,シティリーグ,シティリーグ2023 シーズン4 オープンリーグ,トーナメントセンターバトロコ川越駅前,埼玉県,109039,/event/detail/109039/result,9,0000214793,はるき,nNNPHn-QmY3ie-N6Lngg,41757,基本超エネルギー,10
2023-04-23,2023-04-23 10:30:00,シティリーグ,シティリーグ2023 シーズン4 オープンリーグ,トーナメントセンターバトロコ川越駅前,埼玉県,109039,/event/detail/109039/result,9,0000214793,はるき,nNNPHn-QmY3ie-N6Lngg,43278,リバーサルエネルギー,1
2023-04-23,2023-04-23 10:30:00,シティリーグ,シティリーグ2023 シーズン4 オープンリーグ,トーナメントセンターバトロコ川越駅前,埼玉県,109039,/event/detail/109039/result,9,0004673820,はいぱー,D84488-yO4FYc-8DcD8D,42661,ミライドンex,3
2023-04-23,2023-04-23 10:30:00,シティリーグ,シティリーグ2023 シーズン4 オープンリーグ,トーナメントセンターバトロコ川越駅前,埼玉県,109039,/event/detail/109039/result,9,0004673820,はいぱー,D84488-yO4FYc-8DcD8D,42125,レジエレキV,3
2023-04-23,2023-04-23 10:30:00,シティリーグ,シティリーグ2023 シーズン4 オープンリーグ,トーナメントセンターバトロコ川越駅前,埼玉県,109039,/event/detail/109039/result,9,0004673820,はいぱー,D84488-yO4FYc-8DcD8D,42126,レジエレキVMAX,3
2023-04-23,2023-04-23 10:30:00,シティリーグ,シティリーグ2023 シーズン4 オープンリーグ,トーナメントセンターバトロコ川越駅前,埼玉県,109039,/event/detail/109039/result,9,0004673820,はいぱー,D84488-yO4FYc-8DcD8D,40088,そらをとぶピカチュウV,1
2023-04-23,2023-04-23 10:30:00,シティリーグ,シティリーグ2023 シーズン4 オープンリーグ,トーナメントセンターバトロコ川越駅前,埼玉県,109039,/event/detail/109039/result,9,0004673820,はいぱー,D84488-yO4FYc-8DcD8D,40089,そらをとぶピカチュウVMAX,1
2023-04-23,2023-04-23 10:30:00,シティリーグ,シティリーグ2023 シーズン4 オープンリーグ,トーナメントセンターバトロコ川越駅前,埼玉県,109039,/event/detail/109039/result,9,0004673820,はいぱー,D84488-yO4FYc-8DcD8D,42299,ライコウV,1
2023-04-23,2023-04-23 10:30:00,シティリーグ,シティリーグ2023 シーズン4 オープンリーグ,トーナメントセンターバトロコ川越駅前,埼玉県,109039,/event/detail/109039/result,9,0004673820,はいぱー,D84488-yO4FYc-8DcD8D,41535,ジバコイルV,1
2023-04-23,2023-04-23 10:30:00,シティリーグ,シティリーグ2023 シーズン4 オープンリーグ,トーナメントセンターバトロコ川越駅前,埼玉県,109039,/event/detail/109039/result,9,0004673820,はいぱー,D84488-yO4FYc-8DcD8D,41536,ジバコイルVSTAR,1
2023-04-23,2023-04-23 10:30:00,シティリーグ,シティリーグ2023 シーズン4 オープンリーグ,トーナメントセンターバトロコ川越駅前,埼玉県,109039,/event/detail/109039/result,9,0004673820,はいぱー,D84488-yO4FYc-8DcD8D,42245,ハイパーボール,4
2023-04-23,2023-04-23 10:30:00,シティリーグ,シティリーグ2023 シーズン4 オープンリーグ,トーナメントセンターバトロコ川越駅前,埼玉県,109039,/event/detail/109039/result,9,0004673820,はいぱー,D84488-yO4FYc-8DcD8D,36440,ネストボール,3
2023-04-23,2023-04-23 10:30:00,シティリーグ,シティリーグ2023 シーズン4 オープンリーグ,トーナメントセンターバトロコ川越駅前,埼玉県,109039,/event/detail/109039/result,9,0004673820,はいぱー,D84488-yO4FYc-8DcD8D,42693,エレキジェネレーター,4
2023-04-23,2023-04-23 10:30:00,シティリーグ,シティリーグ2023 シーズン4 オープンリーグ,トーナメントセンターバトロコ川越駅前,埼玉県,109039,/event/detail/109039/result,9,0004673820,はいぱー,D84488-yO4FYc-8DcD8D,40893,あなぬけのヒモ,2
2023-04-23,2023-04-23 10:30:00,シティリーグ,シティリーグ2023 シーズン4 オープンリーグ,トーナメントセンターバトロコ川越駅前,埼玉県,109039,/event/detail/109039/result,9,0004673820,はいぱー,D84488-yO4FYc-8DcD8D,31704,すごいつりざお,1
2023-04-23,2023-04-23 10:30:00,シティリーグ,シティリーグ2023 シーズン4 オープンリーグ,トーナメントセンターバトロコ川越駅前,埼玉県,109039,/event/detail/109039/result,9,0004673820,はいぱー,D84488-yO4FYc-8DcD8D,42184,森の封印石,1
2023-04-23,2023-04-23 10:30:00,シティリーグ,シティリーグ2023 シーズン4 オープンリーグ,トーナメントセンターバトロコ川越駅前,埼玉県,109039,/event/detail/109039/result,9,0004673820,はいぱー,D84488-yO4FYc-8DcD8D,43203,勇気のおまもり,2
2023-04-23,2023-04-23 10:30:00,シティリーグ,シティリーグ2023 シーズン4 オープンリーグ,トーナメントセンターバトロコ川越駅前,埼玉県,109039,/event/detail/109039/result,9,0004673820,はいぱー,D84488-yO4FYc-8DcD8D,42618,学習装置,1
2023-04-23,2023-04-23 10:30:00,シティリーグ,シティリーグ2023 シーズン4 オープンリーグ,トーナメントセンターバトロコ川越駅前,埼玉県,109039,/event/detail/109039/result,9,0004673820,はいぱー,D84488-yO4FYc-8DcD8D,42793,博士の研究（フトゥー博士）,4
2023-04-23,2023-04-23 10:30:00,シティリーグ,シティリーグ2023 シーズン4 オープンリーグ,トーナメントセンターバトロコ川越駅前,埼玉県,109039,/event/detail/109039/result,9,0004673820,はいぱー,D84488-yO4FYc-8DcD8D,42071,セレナ,1
2023-04-23,2023-04-23 10:30:00,シティリーグ,シティリーグ2023 シーズン4 オープンリーグ,トーナメントセンターバトロコ川越駅前,埼玉県,109039,/event/detail/109039/result,9,0004673820,はいぱー,D84488-yO4FYc-8DcD8D,42700,ペパー,2
2023-04-23,2023-04-23 10:30:00,シティリーグ,シティリーグ2023 シーズン4 オープンリーグ,トーナメントセンターバトロコ川越駅前,埼玉県,109039,/event/detail/109039/result,9,0004673820,はいぱー,D84488-yO4FYc-8DcD8D,42810,ボスの指令（アカギ）,2
2023-04-23,2023-04-23 10:30:00,シティリーグ,シティリーグ2023 シーズン4 オープンリーグ,トーナメントセンターバトロコ川越駅前,埼玉県,109039,/event/detail/109039/result,9,0004673820,はいぱー,D84488-yO4FYc-8DcD8D,43205,ナンジャモ,2
2023-04-23,2023-04-23 10:30:00,シティリーグ,シティリーグ2023 シーズン4 オープンリーグ,トーナメントセンターバトロコ川越駅前,埼玉県,109039,/event/detail/109039/result,9,0004673820,はいぱー,D84488-yO4FYc-8DcD8D,42624,ビーチコート,2
2023-04-23,2023-04-23 10:30:00,シティリーグ,シティリーグ2023 シーズン4 オープンリーグ,トーナメントセンターバトロコ川越駅前,埼玉県,109039,/event/detail/109039/result,9,0004673820,はいぱー,D84488-yO4FYc-8DcD8D,42428,崩れたスタジアム,1
2023-04-23,2023-04-23 10:30:00,シティリーグ,シティリーグ2023 シーズン4 オープンリーグ,トーナメントセンターバトロコ川越駅前,埼玉県,109039,/event/detail/109039/result,9,0004673820,はいぱー,D84488-yO4FYc-8DcD8D,25300,基本雷エネルギー,13
2023-04-23,2023-04-23 10:30:00,シティリーグ,シティリーグ2023 シーズン4 オープンリーグ,トーナメントセンターバトロコ川越駅前,埼玉県,109039,/event/detail/109039/result,9,0004673820,はいぱー,D84488-yO4FYc-8DcD8D,42814,ダブルターボエネルギー,1
2023-04-23,2023-04-23 10:30:00,シティリーグ,シティリーグ2023 シーズン4 オープンリーグ,トーナメントセンターバトロコ川越駅前,埼玉県,109039,/event/detail/109039/result,9,0002827212,ツヨシ,gNnNNg-hZFKDL-gnggHn,41853,キュワワー,4
2023-04-23,2023-04-23 10:30:00,シティリーグ,シティリーグ2023 シーズン4 オープンリーグ,トーナメントセンターバトロコ川越駅前,埼玉県,109039,/event/detail/109039/result,9,0002827212,ツヨシ,gNnNNg-hZFKDL-gnggHn,41837,ウッウ,2
2023-04-23,2023-04-23 10:30:00,シティリーグ,シティリーグ2023 シーズン4 オープンリーグ,トーナメントセンターバトロコ川越駅前,埼玉県,109039,/event/detail/109039/result,9,0002827212,ツヨシ,gNnNNg-hZFKDL-gnggHn,41848,ヤミラミ,2
2023-04-23,2023-04-23 10:30:00,シティリーグ,シティリーグ2023 シーズン4 オープンリーグ,トーナメントセンターバトロコ川越駅前,埼玉県,109039,/event/detail/109039/result,9,0002827212,ツヨシ,gNnNNg-hZFKDL-gnggHn,42290,マナフィ,1
2023-04-23,2023-04-23 10:30:00,シティリーグ,シティリーグ2023 シーズン4 オープンリーグ,トーナメントセンターバトロコ川越駅前,埼玉県,109039,/event/detail/109039/result,9,0002827212,ツヨシ,gNnNNg-hZFKDL-gnggHn,42294,かがやくゲッコウガ,1
2023-04-23,2023-04-23 10:30:00,シティリーグ,シティリーグ2023 シーズン4 オープンリーグ,トーナメントセンターバトロコ川越駅前,埼玉県,109039,/event/detail/109039/result,9,0002827212,ツヨシ,gNnNNg-hZFKDL-gnggHn,41884,ギラティナV,3
2023-04-23,2023-04-23 10:30:00,シティリーグ,シティリーグ2023 シーズン4 オープンリーグ,トーナメントセンターバトロコ川越駅前,埼玉県,109039,/event/detail/109039/result,9,0002827212,ツヨシ,gNnNNg-hZFKDL-gnggHn,41885,ギラティナVSTAR,3
2023-04-23,2023-04-23 10:30:00,シティリーグ,シティリーグ2023 シーズン4 オープンリーグ,トーナメントセンターバトロコ川越駅前,埼玉県,109039,/event/detail/109039/result,9,0002827212,ツヨシ,gNnNNg-hZFKDL-gnggHn,40053,バトルVIPパス,4
2023-04-23,2023-04-23 10:30:00,シティリーグ,シティリーグ2023 シーズン4 オープンリーグ,トーナメントセンターバトロコ川越駅前,埼玉県,109039,/event/detail/109039/result,9,0002827212,ツヨシ,gNnNNg-hZFKDL-gnggHn,43105,ネストボール,3
2023-04-23,2023-04-23 10:30:00,シティリーグ,シティリーグ2023 シーズン4 オープンリーグ,トーナメントセンターバトロコ川越駅前,埼玉県,109039,/event/detail/109039/result,9,0002827212,ツヨシ,gNnNNg-hZFKDL-gnggHn,42800,ヒスイのヘビーボール,1
2023-04-23,2023-04-23 10:30:00,シティリーグ,シティリーグ2023 シーズン4 オープンリーグ,トーナメントセンターバトロコ川越駅前,埼玉県,109039,/event/detail/109039/result,9,0002827212,ツヨシ,gNnNNg-hZFKDL-gnggHn,41421,いれかえカート,3
2023-04-23,2023-04-23 10:30:00,シティリーグ,シティリーグ2023 シーズン4 オープンリーグ,トーナメントセンターバトロコ川越駅前,埼玉県,109039,/event/detail/109039/result,9,0002827212,ツヨシ,gNnNNg-hZFKDL-gnggHn,40832,あなぬけのヒモ,2
2023-04-23,2023-04-23 10:30:00,シティリーグ,シティリーグ2023 シーズン4 オープンリーグ,トーナメントセンターバトロコ川越駅前,埼玉県,109039,/event/detail/109039/result,9,0002827212,ツヨシ,gNnNNg-hZFKDL-gnggHn,42402,ミラージュゲート,4
2023-04-23,2023-04-23 10:30:00,シティリーグ,シティリーグ2023 シーズン4 オープンリーグ,トーナメントセンターバトロコ川越駅前,埼玉県,109039,/event/detail/109039/result,9,0002827212,ツヨシ,gNnNNg-hZFKDL-gnggHn,40836,エネルギーリサイクル,1
2023-04-23,2023-04-23 10:30:00,シティリーグ,シティリーグ2023 シーズン4 オープンリーグ,トーナメントセンターバトロコ川越駅前,埼玉県,109039,/event/detail/109039/result,9,0002827212,ツヨシ,gNnNNg-hZFKDL-gnggHn,43273,すごいつりざお,1
2023-04-23,2023-04-23 10:30:00,シティリーグ,シティリーグ2023 シーズン4 オープンリーグ,トーナメントセンターバトロコ川越駅前,埼玉県,109039,/event/detail/109039/result,9,0002827212,ツヨシ,gNnNNg-hZFKDL-gnggHn,42802,ロストスイーパー,1
2023-04-23,2023-04-23 10:30:00,シティリーグ,シティリーグ2023 シーズン4 オープンリーグ,トーナメントセンターバトロコ川越駅前,埼玉県,109039,/event/detail/109039/result,9,0002827212,ツヨシ,gNnNNg-hZFKDL-gnggHn,40291,おはらいグローブ,1
2023-04-23,2023-04-23 10:30:00,シティリーグ,シティリーグ2023 シーズン4 オープンリーグ,トーナメントセンターバトロコ川越駅前,埼玉県,109039,/event/detail/109039/result,9,0002827212,ツヨシ,gNnNNg-hZFKDL-gnggHn,43107,ポケギア3.0,2
2023-04-23,2023-04-23 10:30:00,シティリーグ,シティリーグ2023 シーズン4 オープンリーグ,トーナメントセンターバトロコ川越駅前,埼玉県,109039,/event/detail/109039/result,9,0002827212,ツヨシ,gNnNNg-hZFKDL-gnggHn,42088,アクロマの実験,4
2023-04-23,2023-04-23 10:30:00,シティリーグ,シティリーグ2023 シーズン4 オープンリーグ,トーナメントセンターバトロコ川越駅前,埼玉県,109039,/event/detail/109039/result,9,0002827212,ツヨシ,gNnNNg-hZFKDL-gnggHn,38062,ボスの指令（サカキ）,2
2023-04-23,2023-04-23 10:30:00,シティリーグ,シティリーグ2023 シーズン4 オープンリーグ,トーナメントセンターバトロコ川越駅前,埼玉県,109039,/event/detail/109039/result,9,0002827212,ツヨシ,gNnNNg-hZFKDL-gnggHn,42892,ツツジ,1
2023-04-23,2023-04-23 10:30:00,シティリーグ,シティリーグ2023 シーズン4 オープンリーグ,トーナメントセンターバトロコ川越駅前,埼玉県,109039,/event/detail/109039/result,9,0002827212,ツヨシ,gNnNNg-hZFKDL-gnggHn,42812,頂への雪道,2
2023-04-23,2023-04-23 10:30:00,シティリーグ,シティリーグ2023 シーズン4 オープンリーグ,トーナメントセンターバトロコ川越駅前,埼玉県,109039,/event/detail/109039/result,9,0002827212,ツヨシ,gNnNNg-hZFKDL-gnggHn,41757,基本超エネルギー,4
2023-04-23,2023-04-23 10:30:00,シティリーグ,シティリーグ2023 シーズン4 オープンリーグ,トーナメントセンターバトロコ川越駅前,埼玉県,109039,/event/detail/109039/result,9,0002827212,ツヨシ,gNnNNg-hZFKDL-gnggHn,41753,基本草エネルギー,3
2023-04-23,2023-04-23 10:30:00,シティリーグ,シティリーグ2023 シーズン4 オープンリーグ,トーナメントセンターバトロコ川越駅前,埼玉県,109039,/event/detail/109039/result,9,0002827212,ツヨシ,gNnNNg-hZFKDL-gnggHn,41755,基本水エネルギー,3
2023-04-23,2023-04-23 10:30:00,シティリーグ,シティリーグ2023 シーズン4 オープンリーグ,トーナメントセンターバトロコ川越駅前,埼玉県,109039,/event/detail/109039/result,9,0002827212,ツヨシ,gNnNNg-hZFKDL-gnggHn,43037,ジェットエネルギー,2
2023-04-23,2023-04-23 10:30:00,シティリーグ,シティリーグ2023 シーズン4 オープンリーグ,トーナメントセンターバトロコ川越駅前,埼玉県,109039,/event/detail/109039/result,9,0000173236,トール,xD8884-e2a1Tc-88KccD,43052,サーナイトex,2
2023-04-23,2023-04-23 10:30:00,シティリーグ,シティリーグ2023 シーズン4 オープンリーグ,トーナメントセンターバトロコ川越駅前,埼玉県,109039,/event/detail/109039/result,9,0000173236,トール,xD8884-e2a1Tc-88KccD,41027,サーナイト,2
2023-04-23,2023-04-23 10:30:00,シティリーグ,シティリーグ2023 シーズン4 オープンリーグ,トーナメントセンターバトロコ川越駅前,埼玉県,109039,/event/detail/109039/result,9,0000173236,トール,xD8884-e2a1Tc-88KccD,41220,エルレイド,1
2023-04-23,2023-04-23 10:30:00,シティリーグ,シティリーグ2023 シーズン4 オープンリーグ,トーナメントセンターバトロコ川越駅前,埼玉県,109039,/event/detail/109039/result,9,0000173236,トール,xD8884-e2a1Tc-88KccD,42052,キルリア,3
2023-04-23,2023-04-23 10:30:00,シティリーグ,シティリーグ2023 シーズン4 オープンリーグ,トーナメントセンターバトロコ川越駅前,埼玉県,109039,/event/detail/109039/result,9,0000173236,トール,xD8884-e2a1Tc-88KccD,39394,キルリア,1
2023-04-23,2023-04-23 10:30:00,シティリーグ,シティリーグ2023 シーズン4 オープンリーグ,トーナメントセンターバトロコ川越駅前,埼玉県,109039,/event/detail/109039/result,9,0000173236,トール,xD8884-e2a1Tc-88KccD,41275,ラルトス,4
2023-04-23,2023-04-23 10:30:00,シティリーグ,シティリーグ2023 シーズン4 オープンリーグ,トーナメントセンターバトロコ川越駅前,埼玉県,109039,/event/detail/109039/result,9,0000173236,トール,xD8884-e2a1Tc-88KccD,41389,クレセリア,1
2023-04-23,2023-04-23 10:30:00,シティリーグ,シティリーグ2023 シーズン4 オープンリーグ,トーナメントセンターバトロコ川越駅前,埼玉県,109039,/event/detail/109039/result,9,0000173236,トール,xD8884-e2a1Tc-88KccD,42875,ザシアンV,1
2023-04-23,2023-04-23 10:30:00,シティリーグ,シティリーグ2023 シーズン4 オープンリーグ,トーナメントセンターバトロコ川越駅前,埼玉県,109039,/event/detail/109039/result,9,0000173236,トール,xD8884-e2a1Tc-88KccD,41212,かがやくゲッコウガ,1
2023-04-23,2023-04-23 10:30:00,シティリーグ,シティリーグ2023 シーズン4 オープンリーグ,トーナメントセンターバトロコ川越駅前,埼玉県,109039,/event/detail/109039/result,9,0000173236,トール,xD8884-e2a1Tc-88KccD,42828,マナフィ,1
2023-04-23,2023-04-23 10:30:00,シティリーグ,シティリーグ2023 シーズン4 オープンリーグ,トーナメントセンターバトロコ川越駅前,埼玉県,109039,/event/detail/109039/result,9,0000173236,トール,xD8884-e2a1Tc-88KccD,40053,バトルVIPパス,4
2023-04-23,2023-04-23 10:30:00,シティリーグ,シティリーグ2023 シーズン4 オープンリーグ,トーナメントセンターバトロコ川越駅前,埼玉県,109039,/event/detail/109039/result,9,0000173236,トール,xD8884-e2a1Tc-88KccD,31445,レベルボール,3
2023-04-23,2023-04-23 10:30:00,シティリーグ,シティリーグ2023 シーズン4 オープンリーグ,トーナメントセンターバトロコ川越駅前,埼玉県,109039,/event/detail/109039/result,9,0000173236,トール,xD8884-e2a1Tc-88KccD,42489,霧の水晶,3
2023-04-23,2023-04-23 10:30:00,シティリーグ,シティリーグ2023 シーズン4 オープンリーグ,トーナメントセンターバトロコ川越駅前,埼玉県,109039,/event/detail/109039/result,9,0000173236,トール,xD8884-e2a1Tc-88KccD,36307,ハイパーボール,3
2023-04-23,2023-04-23 10:30:00,シティリーグ,シティリーグ2023 シーズン4 オープンリーグ,トーナメントセンターバトロコ川越駅前,埼玉県,109039,/event/detail/109039/result,9,0000173236,トール,xD8884-e2a1Tc-88KccD,10126,ふしぎなアメ,3
2023-04-23,2023-04-23 10:30:00,シティリーグ,シティリーグ2023 シーズン4 オープンリーグ,トーナメントセンターバトロコ川越駅前,埼玉県,109039,/event/detail/109039/result,9,0000173236,トール,xD8884-e2a1Tc-88KccD,36838,ともだちてちょう,1
2023-04-23,2023-04-23 10:30:00,シティリーグ,シティリーグ2023 シーズン4 オープンリーグ,トーナメントセンターバトロコ川越駅前,埼玉県,109039,/event/detail/109039/result,9,0000173236,トール,xD8884-e2a1Tc-88KccD,43273,すごいつりざお,1
2023-04-23,2023-04-23 10:30:00,シティリーグ,シティリーグ2023 シーズン4 オープンリーグ,トーナメントセンターバトロコ川越駅前,埼玉県,109039,/event/detail/109039/result,9,0000173236,トール,xD8884-e2a1Tc-88KccD,41897,ロストスイーパー,1
2023-04-23,2023-04-23 10:30:00,シティリーグ,シティリーグ2023 シーズン4 オープンリーグ,トーナメントセンターバトロコ川越駅前,埼玉県,109039,/event/detail/109039/result,9,0000173236,トール,xD8884-e2a1Tc-88KccD,43205,ナンジャモ,4
2023-04-23,2023-04-23 10:30:00,シティリーグ,シティリーグ2023 シーズン4 オープンリーグ,トーナメントセンターバトロコ川越駅前,埼玉県,109039,/event/detail/109039/result,9,0000173236,トール,xD8884-e2a1Tc-88KccD,38062,ボスの指令（サカキ）,2
2023-04-23,2023-04-23 10:30:00,シティリーグ,シティリーグ2023 シーズン4 オープンリーグ,トーナメントセンターバトロコ川越駅前,埼玉県,109039,/event/detail/109039/result,9,0000173236,トール,xD8884-e2a1Tc-88KccD,39358,セイボリー,1
2023-04-23,2023-04-23 10:30:00,シティリーグ,シティリーグ2023 シーズン4 オープンリーグ,トーナメントセンターバトロコ川越駅前,埼玉県,109039,/event/detail/109039/result,9,0000173236,トール,xD8884-e2a1Tc-88KccD,42543,さぎょういん,1
2023-04-23,2023-04-23 10:30:00,シティリーグ,シティリーグ2023 シーズン4 オープンリーグ,トーナメントセンターバトロコ川越駅前,埼玉県,109039,/event/detail/109039/result,9,0000173236,トール,xD8884-e2a1Tc-88KccD,39357,クララ,1
2023-04-23,2023-04-23 10:30:00,シティリーグ,シティリーグ2023 シーズン4 オープンリーグ,トーナメントセンターバトロコ川越駅前,埼玉県,109039,/event/detail/109039/result,9,0000173236,トール,xD8884-e2a1Tc-88KccD,43060,ボタン,1
2023-04-23,2023-04-23 10:30:00,シティリーグ,シティリーグ2023 シーズン4 オープンリーグ,トーナメントセンターバトロコ川越駅前,埼玉県,109039,/event/detail/109039/result,9,0000173236,トール,xD8884-e2a1Tc-88KccD,39430,頂への雪道,1
2023-04-23,2023-04-23 10:30:00,シティリーグ,シティリーグ2023 シーズン4 オープンリーグ,トーナメントセンターバトロコ川越駅前,埼玉県,109039,/event/detail/109039/result,9,0000173236,トール,xD8884-e2a1Tc-88KccD,41000,崩れたスタジアム,1
2023-04-23,2023-04-23 10:30:00,シティリーグ,シティリーグ2023 シーズン4 オープンリーグ,トーナメントセンターバトロコ川越駅前,埼玉県,109039,/event/detail/109039/result,9,0000173236,トール,xD8884-e2a1Tc-88KccD,43278,リバーサルエネルギー,2
2023-04-23,2023-04-23 10:30:00,シティリーグ,シティリーグ2023 シーズン4 オープンリーグ,トーナメントセンターバトロコ川越駅前,埼玉県,109039,/event/detail/109039/result,9,0000173236,トール,xD8884-e2a1Tc-88KccD,42948,基本超エネルギー,10
2023-04-23,2023-04-23 10:30:00,シティリーグ,シティリーグ2023 シーズン4 オープンリーグ,トーナメントセンターバトロコ川越駅前,埼玉県,109039,/event/detail/109039/result,9,0032081352,やまみず,XpUySM-P88gwD-EyMp2p,40103,ミュウV,4
2023-04-23,2023-04-23 10:30:00,シティリーグ,シティリーグ2023 シーズン4 オープンリーグ,トーナメントセンターバトロコ川越駅前,埼玉県,109039,/event/detail/109039/result,9,0032081352,やまみず,XpUySM-P88gwD-EyMp2p,42315,ミュウVMAX,3
2023-04-23,2023-04-23 10:30:00,シティリーグ,シティリーグ2023 シーズン4 オープンリーグ,トーナメントセンターバトロコ川越駅前,埼玉県,109039,/event/detail/109039/result,9,0032081352,やまみず,XpUySM-P88gwD-EyMp2p,40107,ゲノセクトV,4
2023-04-23,2023-04-23 10:30:00,シティリーグ,シティリーグ2023 シーズン4 オープンリーグ,トーナメントセンターバトロコ川越駅前,埼玉県,109039,/event/detail/109039/result,9,0032081352,やまみず,XpUySM-P88gwD-EyMp2p,40011,ドラメシヤ,1
2023-04-23,2023-04-23 10:30:00,シティリーグ,シティリーグ2023 シーズン4 オープンリーグ,トーナメントセンターバトロコ川越駅前,埼玉県,109039,/event/detail/109039/result,9,0032081352,やまみず,XpUySM-P88gwD-EyMp2p,36611,ネストボール,2
2023-04-23,2023-04-23 10:30:00,シティリーグ,シティリーグ2023 シーズン4 オープンリーグ,トーナメントセンターバトロコ川越駅前,埼玉県,109039,/event/detail/109039/result,9,0032081352,やまみず,XpUySM-P88gwD-EyMp2p,41424,フェザーボール,1
2023-04-23,2023-04-23 10:30:00,シティリーグ,シティリーグ2023 シーズン4 オープンリーグ,トーナメントセンターバトロコ川越駅前,埼玉県,109039,/event/detail/109039/result,9,0032081352,やまみず,XpUySM-P88gwD-EyMp2p,42245,ハイパーボール,4
2023-04-23,2023-04-23 10:30:00,シティリーグ,シティリーグ2023 シーズン4 オープンリーグ,トーナメントセンターバトロコ川越駅前,埼玉県,109039,/event/detail/109039/result,9,0032081352,やまみず,XpUySM-P88gwD-EyMp2p,40053,バトルVIPパス,4
2023-04-23,2023-04-23 10:30:00,シティリーグ,シティリーグ2023 シーズン4 オープンリーグ,トーナメントセンターバトロコ川越駅前,埼玉県,109039,/event/detail/109039/result,9,0032081352,やまみず,XpUySM-P88gwD-EyMp2p,39668,ウッウロボ,4
2023-04-23,2023-04-23 10:30:00,シティリーグ,シティリーグ2023 シーズン4 オープンリーグ,トーナメントセンターバトロコ川越駅前,埼玉県,109039,/event/detail/109039/result,9,0032081352,やまみず,XpUySM-P88gwD-EyMp2p,42802,ロストスイーパー,4
2023-04-23,2023-04-23 10:30:00,シティリーグ,シティリーグ2023 シーズン4 オープンリーグ,トーナメントセンターバトロコ川越駅前,埼玉県,109039,/event/detail/109039/result,9,0032081352,やまみず,XpUySM-P88gwD-EyMp2p,36591,あなぬけのヒモ,2
2023-04-23,2023-04-23 10:30:00,シティリーグ,シティリーグ2023 シーズン4 オープンリーグ,トーナメントセンターバトロコ川越駅前,埼玉県,109039,/event/detail/109039/result,9,0032081352,やまみず,XpUySM-P88gwD-EyMp2p,42615,ともだちてちょう,1
2023-04-23,2023-04-23 10:30:00,シティリーグ,シティリーグ2023 シーズン4 オープンリーグ,トーナメントセンターバトロコ川越駅前,埼玉県,109039,/event/detail/109039/result,9,0032081352,やまみず,XpUySM-P88gwD-EyMp2p,42184,森の封印石,3
2023-04-23,2023-04-23 10:30:00,シティリーグ,シティリーグ2023 シーズン4 オープンリーグ,トーナメントセンターバトロコ川越駅前,埼玉県,109039,/event/detail/109039/result,9,0032081352,やまみず,XpUySM-P88gwD-EyMp2p,42406,こだわりベルト,1
2023-04-23,2023-04-23 10:30:00,シティリーグ,シティリーグ2023 シーズン4 オープンリーグ,トーナメントセンターバトロコ川越駅前,埼玉県,109039,/event/detail/109039/result,9,0032081352,やまみず,XpUySM-P88gwD-EyMp2p,39331,やまびこホーン,1
2023-04-23,2023-04-23 10:30:00,シティリーグ,シティリーグ2023 シーズン4 オープンリーグ,トーナメントセンターバトロコ川越駅前,埼玉県,109039,/event/detail/109039/result,9,0032081352,やまみず,XpUySM-P88gwD-EyMp2p,40054,パワータブレット,4
2023-04-23,2023-04-23 10:30:00,シティリーグ,シティリーグ2023 シーズン4 オープンリーグ,トーナメントセンターバトロコ川越駅前,埼玉県,109039,/event/detail/109039/result,9,0032081352,やまみず,XpUySM-P88gwD-EyMp2p,41421,いれかえカート,2
2023-04-23,2023-04-23 10:30:00,シティリーグ,シティリーグ2023 シーズン4 オープンリーグ,トーナメントセンターバトロコ川越駅前,埼玉県,109039,/event/detail/109039/result,9,0032081352,やまみず,XpUySM-P88gwD-EyMp2p,41096,ボスの指令（フラダリ）,3
2023-04-23,2023-04-23 10:30:00,シティリーグ,シティリーグ2023 シーズン4 オープンリーグ,トーナメントセンターバトロコ川越駅前,埼玉県,109039,/event/detail/109039/result,9,0032081352,やまみず,XpUySM-P88gwD-EyMp2p,41090,ジャッジマン,3
2023-04-23,2023-04-23 10:30:00,シティリーグ,シティリーグ2023 シーズン4 オープンリーグ,トーナメントセンターバトロコ川越駅前,埼玉県,109039,/event/detail/109039/result,9,0032081352,やまみず,XpUySM-P88gwD-EyMp2p,43205,ナンジャモ,1
2023-04-23,2023-04-23 10:30:00,シティリーグ,シティリーグ2023 シーズン4 オープンリーグ,トーナメントセンターバトロコ川越駅前,埼玉県,109039,/event/detail/109039/result,9,0032081352,やまみず,XpUySM-P88gwD-EyMp2p,42812,頂への雪道,3
2023-04-23,2023-04-23 10:30:00,シティリーグ,シティリーグ2023 シーズン4 オープンリーグ,トーナメントセンターバトロコ川越駅前,埼玉県,109039,/event/detail/109039/result,9,0032081352,やまみず,XpUySM-P88gwD-EyMp2p,39735,結晶の洞窟,1
2023-04-23,2023-04-23 10:30:00,シティリーグ,シティリーグ2023 シーズン4 オープンリーグ,トーナメントセンターバトロコ川越駅前,埼玉県,109039,/event/detail/109039/result,9,0032081352,やまみず,XpUySM-P88gwD-EyMp2p,42814,ダブルターボエネルギー,4
